29 - 78 19
4 - 11 14
49 - 44 10
4 - 52 17
35 - 32 14
63 - 2 50
7 - 70 16
9 - 26 40
5 - 18 4
87 - 38 27
18 - 3 9
42 - 14 47
32 - 11 1
22 - 47 43
61 - 15 32
53 - 78 22
71 - 16 21
10 - 7 40
63 - 17 23
14 - 75 44
95 - 49 14
7 - 16 28
61 - 84 43
69 - 83 22
32 - 13 10
55 - 71 25
8 - 11 39
32 - 93 16
51 - 87 50
17 - 42 18
45 - 36 21
53 - 51 38
62 - 2 46
17 - 19 38
10 - 96 43
11 - 8 14
54 - 10 45
60 - 50 21
67 - 63 7
4 - 29 32
50 - 65 2
28 - 27 35
94 - 33 24
28 - 31 48
21 - 13 5
64 - 16 38
84 - 44 9
4 - 2 43
53 - 50 39
97 - 16 35
36 - 32 2
24 - 56 15
11 - 13 6
1 - 3 12
81 - 78 15
38 - 68 17
45 - 20 15
78 - 50 50
27 - 16 11
28 - 29 46
67 - 12 2
62 - 60 0
94 - 68 43
10 - 73 20
1 - 7 2
50 - 1 24
34 - 75 31
19 - 8 48
77 - 29 23
46 - 15 27
29 - 4 36
32 - 35 23
56 - 87 45
4 - 5 22
10 - 59 26
72 - 48 2
35 - 28 4
30 - 1 15
90 - 28 1
24 - 41 25
19 - 70 32
1 - 78 33
13 - 1 5
64 - 98 8
38 - 29 26
16 - 44 9
78 - 50 4
7 - 34 26
51 - 30 42
4 - 42 0
13 - 16 14
15 - 19 46
19 - 1 36
22 - 46 21
14 - 19 29
60 - 11 21
68 - 58 23
61 - 53 17
16 - 46 32
4 - 35 19
81 - 41 48
22 - 10 1
89 - 77 42
70 - 65 23
78 - 76 7
90 - 47 7
26 - 27 10
26 - 28 12
35 - 81 38
93 - 32 24
59 - 12 41
7 - 22 8
74 - 87 7
54 - 53 5
7 - 20 23
50 - 25 48
27 - 87 41
50 - 51 21
32 - 3 1
50 - 57 31
20 - 47 2
27 - 2 22
76 - 51 49
60 - 29 39
44 - 4 50
62 - 60 49
8 - 51 34
78 - 90 24
47 - 96 43
66 - 23 11
35 - 59 40
32 - 1 35
32 - 89 46
27 - 76 39
78 - 59 44
61 - 59 0
4 - 5 9
53 - 78 3
20 - 17 28
66 - 88 10
88 - 38 44
8 - 29 25
29 - 27 13
93 - 25 39
13 - 4 2
53 - 61 29
22 - 63 29
64 - 28 42
28 - 32 8
62 - 3 36
4 - 84 24
13 - 7 18
19 - 40 47
74 - 7 21
20 - 23 33
17 - 7 0
29 - 35 30
69 - 70 13
29 - 5 8
22 - 7 7
87 - 38 1
59 - 4 24
18 - 24 22
53 - 68 41
55 - 7 11
48 - 42 16
62 - 50 12
29 - 6 39
53 - 65 49
34 - 9 27
33 - 82 16
28 - 87 40
4 - 10 4
22 - 10 21
13 - 38 23
19 - 42 46
6 - 53 29
4 - 51 28
29 - 26 18
74 - 96 42
59 - 5 47
27 - 30 48
1 - 9 27
49 - 13 50
68 - 19 32
31 - 42 28
59 - 70 24
26 - 84 11
28 - 31 16
10 - 4 31
77 - 50 16
26 - 59 49
89 - 95 19
17 - 48 10
13 - 80 15
87 - 53 46
32 - 89 30
29 - 33 0
79 - 36 48
13 - 50 19
29 - 31 26
53 - 71 50
16 - 13 30
51 - 56 46
36 - 45 27
1 - 3 30
58 - 29 11
19 - 32 47
46 - 87 45
7 - 3 46
87 - 57 5
32 - 58 34
47 - 34 27
70 - 87 27
32 - 68 47
56 - 93 6
85 - 97 17
44 - 27 49
77 - 75 36
34 - 56 18
29 - 3 10
9 - 79 11
42 - 47 17
36 - 57 34
33 - 34 6
50 - 87 7
20 - 59 15
19 - 20 44
56 - 1 36
69 - 72 49
59 - 24 38
9 - 4 50
32 - 20 21
41 - 49 4
77 - 4 15
26 - 38 48
87 - 62 7
59 - 60 11
48 - 76 12
3 - 34 13
81 - 19 14
14 - 57 30
37 - 7 46
19 - 50 25
39 - 1 39
33 - 7 34
10 - 5 2
23 - 8 38
53 - 4 24
69 - 20 16
70 - 90 20
1 - 48 10
20 - 23 26
76 - 62 2
27 - 5 40
59 - 61 44
62 - 1 22
35 - 27 37
41 - 16 1
76 - 5 47
40 - 21 3
44 - 22 27
18 - 19 44
78 - 84 2
10 - 58 39
65 - 63 12
59 - 31 29
71 - 60 28
4 - 19 17
31 - 92 18
6 - 3 24
57 - 84 48
88 - 94 10
5 - 17 35
73 - 24 42
42 - 68 8
32 - 50 40
9 - 3 43
38 - 62 50
26 - 77 12
32 - 30 20
45 - 80 20
22 - 5 5
33 - 50 23
52 - 53 1
51 - 62 12
18 - 43 50
3 - 4 12
8 - 38 5
1 - 26 27
7 - 81 18
8 - 1 16
18 - 17 38
3 - 75 10
77 - 62 13
50 - 2 17
22 - 4 6
32 - 81 32
22 - 47 40
81 - 84 5
75 - 80 2
44 - 96 11
71 - 99 11
31 - 29 48
56 - 69 38
31 - 10 45
50 - 18 12
13 - 15 42
76 - 51 27
26 - 50 25
54 - 65 38
56 - 33 30
28 - 3 0
44 - 81 24
57 - 48 23
13 - 38 17
90 - 91 50
5 - 76 14
63 - 4 2
19 - 64 24
38 - 41 1
26 - 25 38
78 - 7 28
40 - 76 1
13 - 12 44
43 - 16 45
29 - 33 47
83 - 17 14
15 - 65 26
32 - 44 18
84 - 28 45
4 - 11 27
62 - 87 4
43 - 67 35
54 - 5 0
75 - 41 27
62 - 56 43
76 - 13 41
1 - 7 44
15 - 77 0
75 - 33 30
29 - 51 14
91 - 35 26
53 - 51 36
34 - 38 28
62 - 73 40
38 - 36 20
82 - 34 2
88 - 51 33
59 - 71 35
35 - 78 15
4 - 15 2
54 - 91 42
50 - 30 28
2 - 33 2
15 - 4 20
96 - 62 2
66 - 62 44
68 - 16 14
40 - 31 23
8 - 5 4
84 - 16 39
26 - 32 4
25 - 12 39
65 - 55 28
40 - 24 44
29 - 24 36
13 - 50 13
32 - 94 2
80 - 51 41
13 - 1 10
8 - 32 3
15 - 4 21
12 - 58 19
44 - 28 1
5 - 30 0
2 - 14 21
15 - 19 26
53 - 65 5
64 - 55 26
9 - 50 22
71 - 24 30
26 - 33 6
36 - 45 45
38 - 35 24
80 - 75 21
5 - 4 16
51 - 78 28
50 - 53 10
7 - 32 22
19 - 8 30
7 - 26 33
41 - 44 8
82 - 78 15
84 - 13 20
5 - 30 28
32 - 81 30
72 - 97 1
38 - 41 16
56 - 55 17
3 - 18 25
44 - 46 2
2 - 75 28
19 - 68 43
52 - 54 42
29 - 32 16
77 - 38 8
46 - 93 17
54 - 78 12
17 - 73 31
37 - 34 23
80 - 31 19
26 - 70 1
30 - 97 46
30 - 77 8
57 - 8 43
4 - 41 33
12 - 55 35
75 - 87 28
29 - 4 26
26 - 29 42
24 - 13 45
54 - 16 16
10 - 1 14
16 - 13 33
20 - 59 10
63 - 65 27
72 - 97 15
77 - 31 45
53 - 65 46
36 - 30 16
83 - 58 43
16 - 62 15
36 - 35 35
22 - 7 6
25 - 87 49
2 - 8 7
8 - 20 29
2 - 17 15
81 - 65 4
39 - 14 23
19 - 71 33
66 - 96 8
68 - 63 48
14 - 4 2
75 - 38 42
30 - 27 13
53 - 70 31
2 - 35 23
30 - 29 33
7 - 28 39
88 - 51 23
23 - 21 7
1 - 50 22
72 - 44 28
35 - 84 1
9 - 96 46
53 - 75 7
61 - 98 36
57 - 88 1
58 - 75 1
7 - 10 12
4 - 26 37
26 - 39 28
54 - 52 34
29 - 83 2
20 - 35 20
27 - 51 46
84 - 49 21
50 - 18 27
95 - 21 34
4 - 2 44
9 - 3 22
41 - 38 25
56 - 12 2
28 - 39 31
91 - 78 24
6 - 12 19
74 - 25 37
42 - 2 15
50 - 57 25
3 - 40 16
29 - 80 43
26 - 13 12
33 - 56 34
49 - 21 31
59 - 56 8
83 - 21 21
22 - 19 29
84 - 59 48
15 - 19 40
6 - 3 15
62 - 53 30
56 - 11 36
50 - 1 8
65 - 64 6
28 - 86 18
8 - 58 44
4 - 15 40
93 - 76 13
71 - 93 48
89 - 55 49
70 - 95 50
70 - 64 38
53 - 83 35
90 - 40 48
55 - 83 44
11 - 5 27
53 - 51 31
84 - 32 2
57 - 51 21
33 - 26 50
1 - 78 28
22 - 24 17
29 - 30 18
63 - 16 21
26 - 32 41
33 - 96 45
18 - 73 14
4 - 35 27
51 - 34 28
16 - 68 34
22 - 13 39
14 - 39 11
44 - 29 16
95 - 80 36
47 - 26 26
5 - 4 32
76 - 32 48
22 - 14 7
23 - 14 29
77 - 38 30
5 - 54 6
76 - 69 5
45 - 89 34
56 - 69 6
50 - 31 43
32 - 85 43
53 - 56 36
94 - 90 32
90 - 78 31
54 - 90 16
58 - 3 31
3 - 46 27
44 - 42 8
80 - 78 28
29 - 10 48
14 - 23 21
77 - 28 31
32 - 59 39
78 - 38 17
22 - 67 20
84 - 56 2
47 - 65 22
12 - 4 19
67 - 13 47
71 - 68 39
29 - 20 46
50 - 1 20
63 - 62 41
19 - 21 30
4 - 1 13
61 - 95 40
2 - 71 43
4 - 39 17
87 - 34 23
9 - 7 13
95 - 32 37
16 - 13 41
68 - 54 10
16 - 23 36
50 - 75 27
15 - 25 14
21 - 62 34
29 - 4 46
23 - 45 0
97 - 44 12
12 - 98 27
28 - 34 45
67 - 53 28
53 - 50 41
78 - 42 46
84 - 35 9
13 - 70 45
56 - 19 29
10 - 7 15
83 - 28 49
50 - 2 1
87 - 41 15
4 - 16 15
11 - 5 47
46 - 49 47
72 - 42 34
57 - 82 19
28 - 4 9
41 - 28 35
8 - 9 7
58 - 49 9
71 - 17 21
6 - 31 3
78 - 16 5
53 - 78 32
63 - 22 38
22 - 47 0
78 - 27 35
34 - 75 35
35 - 32 42
1 - 3 9
58 - 53 41
40 - 13 41
64 - 65 22
53 - 2 47
53 - 56 37
3 - 45 5
3 - 50 26
13 - 80 44
26 - 32 47
28 - 10 13
5 - 31 47
27 - 2 0
51 - 64 43
6 - 2 38
20 - 2 32
69 - 87 47
29 - 14 41
26 - 27 27
50 - 16 46
48 - 36 11
44 - 39 20
32 - 4 6
76 - 94 44
10 - 1 34
15 - 64 4
6 - 4 47
51 - 53 8
25 - 11 8
45 - 97 11
92 - 55 26
54 - 62 39
75 - 56 32
13 - 26 42
31 - 53 48
59 - 19 5
73 - 58 34
62 - 53 13
30 - 75 29
96 - 10 31
70 - 7 10
16 - 41 44
71 - 24 27
28 - 38 10
71 - 61 20
85 - 99 31
44 - 35 8
56 - 80 49
42 - 11 42
61 - 99 39
4 - 52 1
2 - 76 6
54 - 11 0
51 - 65 7
51 - 13 50
4 - 1 8
32 - 38 24
52 - 30 24
9 - 21 36
4 - 34 28
33 - 71 11
84 - 53 40
65 - 87 18
39 - 68 7
33 - 1 33
7 - 34 45
99 - 45 23
83 - 82 45
29 - 42 23
62 - 13 15
19 - 62 9
41 - 80 22
28 - 21 16
11 - 13 17
30 - 51 29
68 - 62 4
81 - 56 5
47 - 16 33
53 - 93 30
9 - 38 9
19 - 10 45
2 - 65 2
6 - 53 49
12 - 56 9
75 - 92 17
71 - 73 10
20 - 40 8
71 - 3 15
99 - 84 27
65 - 1 36
19 - 22 41
2 - 1 11
89 - 67 10
7 - 40 33
59 - 90 3
95 - 46 2
16 - 9 26
41 - 40 10
21 - 86 2
73 - 37 12
96 - 7 3
35 - 32 20
22 - 71 25
26 - 13 32
78 - 6 24
52 - 50 19
78 - 4 27
7 - 5 33
65 - 32 24
97 - 98 27
36 - 29 20
5 - 2 41
22 - 18 2
46 - 32 39
50 - 58 16
10 - 15 35
2 - 12 24
16 - 38 39
24 - 56 12
26 - 27 20
89 - 78 29
32 - 10 16
15 - 70 37
55 - 90 6
97 - 84 41
68 - 77 21
35 - 28 4
11 - 2 10
7 - 35 18
34 - 84 10
82 - 59 28
81 - 76 31
7 - 1 28
63 - 90 13
11 - 39 50
59 - 37 12
21 - 46 30
81 - 57 15
87 - 77 49
25 - 13 48
14 - 88 41
52 - 55 27
54 - 57 33
7 - 81 16
65 - 24 45
47 - 59 25
4 - 14 43
75 - 1 2
61 - 53 17
59 - 87 25
51 - 75 12
4 - 65 34
64 - 15 34
9 - 10 35
2 - 39 3
75 - 1 30
54 - 5 6
65 - 43 4
46 - 49 4
31 - 90 47
35 - 33 26
78 - 51 46
75 - 32 26
12 - 13 8
43 - 18 32
1 - 50 1
90 - 43 36
40 - 46 2
78 - 53 38
11 - 5 26
63 - 68 8
3 - 4 38
81 - 14 5
28 - 41 12
29 - 66 48
38 - 1 36
7 - 3 8
70 - 61 41
83 - 81 31
13 - 35 2
28 - 31 39
47 - 32 10
75 - 88 27
12 - 7 42
54 - 51 4
34 - 9 18
10 - 8 38
4 - 16 32
19 - 26 39
81 - 61 33
65 - 13 28
75 - 38 25
56 - 53 3
93 - 10 44
10 - 71 1
96 - 84 12
15 - 4 12
49 - 46 8
77 - 26 1
95 - 38 33
27 - 84 45
32 - 58 32
25 - 44 6
38 - 16 24
52 - 71 28
18 - 22 42
17 - 7 16
88 - 39 48
36 - 11 43
77 - 86 41
38 - 14 20
3 - 40 34
28 - 3 5
3 - 64 15
3 - 25 38
76 - 14 23
94 - 26 8
90 - 96 16
27 - 26 37
2 - 27 6
36 - 81 37
51 - 50 25
26 - 1 7
56 - 35 37
97 - 85 49
97 - 81 28
46 - 28 33
77 - 28 18
61 - 59 49
62 - 81 49
82 - 69 8
59 - 37 5
62 - 13 8
10 - 22 48
22 - 65 25
32 - 81 31
29 - 27 28
72 - 65 10
2 - 79 49
62 - 68 45
83 - 9 25
96 - 66 25
35 - 78 31
7 - 38 45
28 - 2 32
41 - 89 7
84 - 71 50
81 - 82 48
57 - 10 15
95 - 34 33
44 - 68 30
31 - 55 32
90 - 63 49
81 - 23 47
67 - 89 4
82 - 57 25
39 - 20 11
22 - 46 29
2 - 10 48
26 - 22 30
59 - 62 18
85 - 97 18
97 - 66 4
51 - 33 36
6 - 9 5
4 - 16 10
45 - 14 10
5 - 19 38
93 - 90 32
47 - 62 49
88 - 79 43
79 - 75 23
32 - 6 35
16 - 62 44
14 - 17 47
36 - 11 27
39 - 1 50
16 - 39 40
53 - 54 16
99 - 72 5
34 - 1 35
13 - 9 17
29 - 32 25
49 - 81 19
43 - 95 6
70 - 62 12
48 - 39 17
3 - 89 10
82 - 81 34
27 - 30 11
29 - 84 11
87 - 51 15
14 - 41 23
68 - 73 38
22 - 21 35
26 - 34 33
50 - 3 3
21 - 22 15
