13 - 36 35
19 - 21 34
22 - 13 19
32 - 31 42
7 - 9 27
26 - 32 4
14 - 8 16
13 - 28 1
33 - 43 4
16 - 3 19
19 - 21 26
10 - 14 29
21 - 9 20
13 - 1 13
7 - 14 31
5 - 39 48
35 - 32 19
27 - 28 8
2 - 11 32
46 - 13 19
8 - 1 44
33 - 9 25
10 - 31 31
6 - 21 48
14 - 1 31
32 - 5 27
1 - 4 16
25 - 40 33
34 - 46 36
48 - 45 48
1 - 9 24
21 - 19 28
17 - 16 16
10 - 31 6
31 - 1 10
9 - 31 37
5 - 17 8
28 - 25 18
3 - 18 36
37 - 33 31
20 - 37 38
19 - 8 33
42 - 49 19
13 - 37 43
1 - 2 17
5 - 14 44
6 - 2 50
28 - 19 0
21 - 3 38
32 - 10 21
44 - 43 25
8 - 14 18
15 - 14 37
4 - 42 6
39 - 45 25
13 - 4 3
45 - 35 44
25 - 4 45
37 - 25 20
12 - 10 7
14 - 22 39
7 - 8 19
16 - 20 29
5 - 13 4
7 - 4 3
29 - 35 35
4 - 17 19
9 - 33 42
14 - 17 16
8 - 10 30
4 - 30 23
33 - 4 39
22 - 10 39
9 - 12 48
3 - 32 0
27 - 38 13
1 - 22 2
20 - 32 21
9 - 19 12
5 - 2 20
41 - 2 41
24 - 16 23
29 - 42 3
42 - 37 38
25 - 13 23
43 - 19 21
2 - 20 40
25 - 14 15
1 - 5 49
13 - 1 14
1 - 4 47
2 - 7 24
10 - 34 35
32 - 29 29
16 - 3 39
13 - 6 7
4 - 11 36
39 - 25 27
26 - 31 47
36 - 31 26
9 - 4 33
31 - 44 14
16 - 5 29
36 - 33 14
7 - 10 28
4 - 29 23
23 - 17 9
29 - 8 27
4 - 14 2
10 - 1 2
12 - 22 40
16 - 14 41
13 - 19 7
26 - 30 15
31 - 1 32
28 - 31 39
1 - 26 26
39 - 19 50
16 - 14 5
13 - 9 13
9 - 13 28
41 - 37 31
7 - 1 42
37 - 41 44
24 - 10 25
42 - 24 42
31 - 13 0
12 - 48 9
37 - 47 38
33 - 13 27
28 - 5 13
16 - 17 5
13 - 3 35
49 - 40 12
31 - 6 2
40 - 31 6
15 - 22 30
26 - 14 36
10 - 17 13
15 - 39 28
28 - 32 32
24 - 21 3
7 - 17 27
20 - 8 11
25 - 37 11
4 - 40 35
16 - 15 25
28 - 11 28
42 - 48 27
28 - 4 1
8 - 43 34
7 - 2 25
30 - 6 17
10 - 23 0
22 - 32 5
7 - 12 25
13 - 8 22
31 - 25 23
1 - 3 2
34 - 43 26
2 - 3 35
13 - 20 24
7 - 8 32
42 - 43 26
26 - 29 22
27 - 39 41
30 - 6 47
34 - 4 31
7 - 12 38
31 - 43 2
33 - 34 23
32 - 31 46
15 - 37 19
13 - 18 11
31 - 28 9
44 - 39 12
19 - 18 26
13 - 33 35
30 - 1 4
14 - 2 11
20 - 22 0
16 - 13 27
9 - 20 6
24 - 18 4
44 - 13 15
3 - 47 13
46 - 39 41
5 - 4 8
36 - 22 5
25 - 40 21
41 - 5 30
14 - 40 49
15 - 45 31
31 - 11 36
29 - 31 8
16 - 7 22
29 - 32 25
31 - 28 33
41 - 26 43
7 - 20 39
9 - 4 18
4 - 3 16
25 - 7 24
37 - 33 12
8 - 7 12
7 - 13 9
43 - 33 3
19 - 37 16
40 - 9 45
36 - 34 50
33 - 30 26
37 - 43 44
13 - 45 31
39 - 43 44
31 - 39 34
10 - 34 10
28 - 34 49
31 - 1 37
38 - 43 30
37 - 41 20
11 - 33 9
14 - 4 30
19 - 22 50
27 - 42 42
43 - 21 18
36 - 35 48
7 - 4 45
4 - 28 24
13 - 7 50
40 - 4 38
40 - 4 2
34 - 44 47
21 - 6 18
28 - 11 20
17 - 4 20
39 - 2 40
28 - 27 32
8 - 7 26
4 - 41 19
23 - 46 32
41 - 40 0
13 - 17 5
4 - 34 8
22 - 45 39
17 - 41 48
2 - 7 18
37 - 25 38
1 - 4 24
28 - 31 17
40 - 10 17
10 - 16 39
6 - 25 43
22 - 16 18
19 - 7 44
11 - 20 33
4 - 16 5
9 - 41 37
14 - 1 27
34 - 28 26
4 - 8 30
20 - 22 3
25 - 8 9
35 - 44 10
42 - 44 36
46 - 35 18
3 - 26 26
13 - 4 15
34 - 27 1
39 - 26 32
48 - 31 38
7 - 39 34
2 - 46 27
10 - 28 25
22 - 13 21
8 - 7 21
16 - 34 39
1 - 18 4
24 - 16 18
34 - 4 3
7 - 18 8
19 - 41 1
18 - 3 34
18 - 16 11
13 - 19 20
10 - 11 16
25 - 21 11
1 - 28 44
25 - 1 35
25 - 3 33
4 - 12 12
21 - 10 34
5 - 1 40
25 - 39 32
27 - 37 44
1 - 6 44
29 - 35 9
25 - 38 35
45 - 46 30
3 - 16 14
44 - 38 4
4 - 31 50
24 - 41 41
11 - 16 10
1 - 37 40
27 - 29 10
37 - 17 25
25 - 40 41
37 - 19 7
11 - 2 14
34 - 2 36
28 - 41 9
5 - 25 48
1 - 13 34
11 - 35 43
40 - 42 38
4 - 29 8
4 - 9 8
14 - 13 23
11 - 47 29
20 - 14 1
10 - 16 4
28 - 4 4
7 - 48 45
32 - 25 2
8 - 22 31
37 - 46 34
39 - 28 22
4 - 37 46
27 - 3 11
40 - 25 38
28 - 26 33
16 - 9 44
11 - 3 10
2 - 1 23
37 - 30 41
31 - 7 14
21 - 37 9
7 - 44 15
43 - 40 1
10 - 12 11
4 - 21 48
10 - 1 5
1 - 28 29
38 - 10 14
7 - 4 20
15 - 43 26
40 - 5 40
26 - 7 32
3 - 14 42
27 - 39 49
19 - 16 42
3 - 34 13
22 - 7 38
7 - 22 20
25 - 2 36
13 - 7 29
29 - 40 17
30 - 25 35
4 - 37 11
32 - 30 50
19 - 20 8
3 - 13 5
3 - 4 6
1 - 4 4
16 - 46 13
25 - 28 11
26 - 1 37
37 - 31 39
4 - 16 18
6 - 16 30
4 - 2 11
12 - 13 3
35 - 31 7
34 - 28 43
31 - 13 34
29 - 41 8
7 - 13 34
4 - 21 8
3 - 1 28
13 - 1 11
47 - 6 4
28 - 39 24
33 - 28 43
9 - 21 41
17 - 13 26
35 - 25 12
29 - 4 39
28 - 32 0
13 - 22 14
15 - 5 19
6 - 13 9
19 - 18 12
46 - 10 29
8 - 34 20
6 - 21 15
8 - 4 38
15 - 3 4
7 - 5 39
13 - 14 6
11 - 15 39
45 - 19 26
27 - 25 28
45 - 15 21
4 - 2 1
28 - 27 30
28 - 37 14
19 - 20 8
14 - 16 17
27 - 31 26
2 - 22 23
16 - 24 21
1 - 25 20
2 - 25 8
18 - 15 17
39 - 19 32
7 - 19 10
28 - 1 50
34 - 7 3
8 - 7 7
3 - 9 10
8 - 11 12
8 - 10 9
4 - 15 13
19 - 49 33
43 - 12 11
2 - 37 23
5 - 1 34
42 - 40 26
13 - 40 38
27 - 1 1
31 - 7 0
47 - 43 27
10 - 28 48
21 - 12 27
16 - 42 22
37 - 38 19
7 - 13 15
13 - 26 3
10 - 20 0
30 - 33 37
19 - 23 30
22 - 20 24
16 - 3 48
26 - 30 30
13 - 25 30
18 - 19 17
27 - 34 17
9 - 3 32
42 - 45 29
5 - 4 0
23 - 46 4
40 - 28 3
37 - 40 40
31 - 35 3
1 - 44 9
19 - 13 0
14 - 2 25
37 - 14 44
1 - 29 18
7 - 34 18
26 - 25 7
45 - 21 30
45 - 10 15
1 - 42 34
12 - 6 20
32 - 4 49
31 - 25 3
36 - 30 46
38 - 16 7
46 - 40 27
27 - 36 39
2 - 14 43
32 - 25 5
46 - 49 31
32 - 34 24
13 - 27 18
3 - 6 49
42 - 40 50
3 - 7 8
4 - 15 29
1 - 32 8
6 - 12 18
44 - 34 32
48 - 21 22
37 - 26 9
27 - 25 46
29 - 38 28
31 - 7 49
35 - 46 26
7 - 14 32
22 - 8 34
7 - 4 41
5 - 1 42
21 - 13 33
8 - 20 24
2 - 4 28
37 - 22 47
38 - 2 8
10 - 25 38
44 - 25 24
31 - 7 4
15 - 4 12
2 - 13 3
27 - 32 48
23 - 15 7
32 - 34 3
10 - 19 41
29 - 28 41
26 - 35 1
4 - 10 23
1 - 37 10
12 - 10 36
37 - 39 3
46 - 40 46
16 - 23 26
8 - 44 9
33 - 32 27
7 - 4 49
26 - 43 49
19 - 18 13
6 - 32 22
45 - 39 45
10 - 19 40
19 - 15 16
4 - 2 9
25 - 34 31
10 - 29 27
25 - 45 31
14 - 40 26
40 - 37 47
37 - 16 41
39 - 25 26
1 - 25 24
8 - 34 36
26 - 27 19
7 - 4 22
25 - 1 14
32 - 34 8
4 - 1 33
34 - 3 27
18 - 39 48
31 - 33 35
33 - 37 10
15 - 13 26
2 - 23 19
7 - 1 25
14 - 38 18
46 - 35 45
25 - 37 25
16 - 43 27
27 - 4 31
43 - 29 39
40 - 4 18
33 - 43 6
32 - 25 35
20 - 8 40
10 - 33 34
26 - 1 45
40 - 16 30
1 - 37 13
4 - 6 35
25 - 1 1
28 - 2 30
4 - 25 17
17 - 23 14
21 - 22 3
48 - 31 32
40 - 17 31
12 - 19 11
15 - 33 36
17 - 12 48
2 - 25 39
31 - 1 19
20 - 40 44
18 - 4 28
3 - 28 14
35 - 29 9
1 - 16 33
13 - 37 45
14 - 15 38
44 - 46 47
12 - 33 30
21 - 34 5
4 - 1 47
3 - 25 17
1 - 5 14
13 - 38 28
41 - 16 31
24 - 37 18
1 - 2 4
33 - 43 33
31 - 6 43
3 - 9 29
31 - 37 42
28 - 27 10
41 - 34 43
27 - 40 47
1 - 18 35
34 - 7 20
28 - 25 19
4 - 22 38
37 - 13 40
28 - 4 30
14 - 17 2
26 - 27 30
11 - 16 11
24 - 39 6
34 - 27 5
15 - 13 19
4 - 25 46
28 - 45 4
25 - 31 19
21 - 9 47
5 - 44 36
27 - 36 42
15 - 13 25
31 - 32 8
16 - 22 15
11 - 6 23
25 - 33 39
7 - 24 27
33 - 7 49
32 - 8 40
5 - 23 47
3 - 28 44
19 - 16 19
28 - 17 22
4 - 6 15
25 - 26 2
46 - 41 15
17 - 20 45
8 - 42 9
13 - 2 34
16 - 9 4
24 - 16 2
43 - 9 9
18 - 15 30
19 - 13 22
22 - 4 36
1 - 13 14
18 - 40 28
31 - 22 10
7 - 3 47
9 - 1 29
23 - 25 31
46 - 35 48
3 - 39 10
1 - 10 6
43 - 25 49
39 - 40 9
20 - 2 42
14 - 4 2
19 - 42 38
8 - 31 40
7 - 31 37
43 - 3 12
19 - 7 33
18 - 7 5
44 - 7 14
