63 - 57 44
16 - 58 41
16 - 13 4
113 - 18 26
136 - 47 46
3 - 53 19
29 - 4 3
165 - 121 12
78 - 91 45
26 - 80 37
52 - 64 35
13 - 1 5
155 - 153 47
53 - 156 35
119 - 60 8
144 - 13 4
81 - 177 35
152 - 53 12
187 - 38 37
176 - 184 46
151 - 168 32
18 - 47 26
113 - 116 22
176 - 141 37
53 - 59 21
38 - 47 25
150 - 127 23
106 - 52 10
31 - 145 50
117 - 103 41
52 - 106 10
3 - 100 8
109 - 107 12
181 - 193 1
150 - 56 43
153 - 76 37
31 - 3 28
139 - 137 44
58 - 57 36
53 - 59 33
2 - 125 14
168 - 118 50
20 - 156 45
145 - 102 44
198 - 88 32
18 - 146 45
187 - 41 40
63 - 37 27
41 - 35 12
9 - 58 16
112 - 4 5
61 - 110 4
101 - 139 26
39 - 79 3
2 - 6 45
140 - 29 1
2 - 103 36
70 - 58 39
88 - 187 49
13 - 30 16
78 - 16 14
30 - 26 19
140 - 115 44
162 - 170 27
134 - 162 24
176 - 171 18
101 - 107 44
53 - 8 8
26 - 29 8
128 - 140 43
53 - 100 12
65 - 94 36
43 - 146 3
72 - 60 30
93 - 162 13
58 - 193 21
10 - 11 12
93 - 90 46
54 - 57 35
40 - 65 25
72 - 121 40
29 - 25 46
184 - 181 13
27 - 54 48
47 - 30 15
158 - 156 30
65 - 17 46
190 - 88 44
153 - 29 43
79 - 4 6
123 - 171 48
121 - 128 41
41 - 35 40
91 - 99 5
57 - 106 35
47 - 10 30
119 - 106 4
26 - 120 43
4 - 60 36
38 - 41 17
26 - 28 43
29 - 13 40
108 - 83 9
63 - 174 6
179 - 38 0
69 - 22 34
77 - 60 5
7 - 4 9
57 - 69 8
110 - 113 3
79 - 29 32
91 - 44 46
166 - 67 35
12 - 160 32
165 - 67 33
29 - 12 14
44 - 94 33
11 - 112 22
10 - 14 38
62 - 117 2
176 - 34 7
165 - 121 47
50 - 73 10
13 - 14 28
4 - 6 44
6 - 68 45
53 - 176 43
118 - 7 41
41 - 47 32
29 - 2 13
8 - 2 43
151 - 162 46
156 - 69 28
6 - 40 5
4 - 10 42
40 - 38 38
96 - 87 44
181 - 81 43
15 - 2 42
60 - 133 16
136 - 105 43
157 - 151 8
26 - 74 25
125 - 101 25
139 - 137 14
1 - 28 20
55 - 83 41
133 - 145 50
84 - 59 47
126 - 168 26
1 - 2 28
164 - 67 20
118 - 131 24
130 - 137 35
22 - 60 12
80 - 13 27
156 - 168 42
111 - 136 20
46 - 143 28
38 - 88 46
1 - 10 31
138 - 128 3
12 - 32 37
187 - 159 27
34 - 26 24
101 - 46 48
127 - 137 42
7 - 79 46
10 - 120 2
106 - 157 10
1 - 12 46
134 - 194 42
140 - 139 34
107 - 6 16
46 - 28 3
120 - 19 29
6 - 10 32
7 - 32 9
26 - 150 1
35 - 29 36
69 - 51 45
170 - 15 36
82 - 84 17
190 - 138 12
158 - 59 49
6 - 101 28
79 - 103 43
1 - 70 23
9 - 159 25
117 - 104 23
62 - 54 30
12 - 159 43
63 - 88 11
7 - 1 47
74 - 22 10
145 - 18 33
100 - 7 30
32 - 29 3
143 - 47 48
175 - 102 32
13 - 163 46
153 - 181 15
140 - 128 25
55 - 101 37
1 - 43 44
177 - 52 29
146 - 137 27
137 - 88 43
59 - 54 13
13 - 112 32
127 - 154 17
60 - 184 26
54 - 4 13
89 - 65 16
111 - 134 26
44 - 134 41
7 - 1 7
175 - 88 16
89 - 73 23
52 - 4 36
109 - 100 27
35 - 83 33
122 - 8 2
181 - 109 5
35 - 106 6
10 - 16 3
24 - 139 24
49 - 26 29
19 - 153 5
112 - 143 14
33 - 52 34
132 - 106 23
93 - 115 24
173 - 164 34
24 - 4 26
49 - 121 11
151 - 178 5
19 - 148 43
53 - 77 5
7 - 26 4
131 - 20 50
43 - 31 13
113 - 33 5
177 - 127 23
102 - 125 22
6 - 129 5
54 - 153 18
77 - 64 9
93 - 31 37
52 - 103 40
68 - 163 22
66 - 22 24
78 - 56 25
27 - 163 38
162 - 94 36
188 - 157 35
16 - 41 38
5 - 106 12
13 - 1 2
103 - 19 0
159 - 181 25
168 - 15 6
26 - 51 16
82 - 29 23
119 - 109 17
180 - 100 28
7 - 10 15
150 - 19 5
29 - 11 34
193 - 7 31
3 - 10 34
15 - 24 21
7 - 122 37
57 - 77 35
159 - 2 9
60 - 8 45
130 - 131 34
140 - 146 12
133 - 120 27
30 - 29 27
66 - 7 0
113 - 101 12
103 - 134 2
133 - 29 0
188 - 176 12
6 - 3 40
63 - 53 11
52 - 6 18
57 - 59 5
19 - 8 46
187 - 63 1
3 - 114 36
29 - 76 1
18 - 7 11
150 - 114 15
92 - 72 11
43 - 168 9
68 - 56 2
41 - 92 36
153 - 156 29
1 - 52 8
19 - 174 27
150 - 153 24
184 - 59 28
165 - 100 47
102 - 110 24
83 - 86 42
66 - 91 36
146 - 192 18
109 - 125 6
106 - 131 35
67 - 6 33
116 - 118 47
116 - 5 48
9 - 24 22
21 - 9 10
181 - 184 9
147 - 13 22
162 - 51 19
74 - 62 16
35 - 156 11
69 - 57 39
103 - 153 37
115 - 16 17
4 - 107 0
131 - 146 16
3 - 53 29
36 - 45 24
8 - 144 48
69 - 150 13
14 - 13 20
152 - 153 28
187 - 55 43
105 - 158 7
60 - 52 3
127 - 26 11
35 - 11 35
106 - 145 34
30 - 54 18
51 - 106 46
43 - 134 42
191 - 141 2
51 - 7 25
100 - 1 47
13 - 57 33
24 - 113 5
134 - 125 17
107 - 138 15
50 - 48 26
3 - 115 3
49 - 72 25
15 - 43 21
133 - 128 16
153 - 37 43
106 - 107 32
83 - 8 35
53 - 117 14
159 - 170 16
17 - 25 43
37 - 79 50
112 - 103 39
101 - 112 44
102 - 4 23
51 - 100 25
60 - 161 16
34 - 158 7
13 - 15 45
159 - 160 13
125 - 144 3
7 - 56 42
147 - 132 42
29 - 102 46
3 - 34 42
104 - 107 16
29 - 129 19
51 - 30 38
13 - 4 20
22 - 15 28
172 - 23 43
106 - 112 44
106 - 120 20
60 - 79 22
42 - 32 45
1 - 153 9
76 - 41 30
162 - 101 29
111 - 173 48
77 - 41 42
174 - 12 25
159 - 118 30
95 - 8 45
31 - 35 22
29 - 27 31
93 - 43 35
9 - 7 32
144 - 131 1
79 - 68 39
198 - 171 13
59 - 13 15
94 - 90 42
16 - 50 4
9 - 21 15
163 - 100 3
93 - 91 7
112 - 16 27
100 - 3 22
10 - 83 13
8 - 13 14
153 - 39 34
15 - 13 17
6 - 117 26
22 - 96 17
38 - 33 10
19 - 55 44
91 - 81 20
129 - 5 17
133 - 114 40
37 - 15 48
16 - 53 4
143 - 139 45
105 - 127 43
10 - 4 14
188 - 143 47
33 - 134 9
13 - 51 22
60 - 186 8
49 - 21 29
17 - 89 6
94 - 88 23
159 - 162 32
150 - 112 31
3 - 102 25
154 - 193 46
9 - 152 41
16 - 14 39
25 - 68 18
15 - 91 8
74 - 25 22
55 - 1 0
118 - 145 9
52 - 79 48
105 - 10 5
14 - 67 7
175 - 187 43
57 - 55 26
189 - 162 4
112 - 157 32
55 - 5 5
178 - 101 34
90 - 49 34
51 - 5 21
161 - 162 39
14 - 20 9
64 - 8 8
141 - 27 50
56 - 9 13
26 - 76 45
154 - 132 47
66 - 92 31
122 - 17 21
54 - 60 13
127 - 162 14
3 - 35 14
4 - 15 28
144 - 147 33
125 - 57 30
191 - 76 10
133 - 180 11
167 - 105 10
14 - 38 39
137 - 10 17
26 - 9 23
184 - 108 7
57 - 106 8
13 - 10 36
35 - 40 33
75 - 59 25
89 - 33 43
106 - 69 17
27 - 22 15
165 - 178 18
90 - 130 12
150 - 63 47
82 - 60 15
94 - 81 25
53 - 127 22
49 - 45 35
25 - 149 48
1 - 112 16
118 - 162 0
18 - 16 14
65 - 1 23
8 - 23 40
56 - 68 18
76 - 51 50
29 - 2 17
20 - 138 38
54 - 150 8
111 - 57 43
174 - 10 13
78 - 152 39
10 - 157 0
33 - 9 12
57 - 32 43
5 - 56 45
69 - 70 6
69 - 168 12
108 - 182 6
104 - 101 17
1 - 27 18
154 - 97 16
25 - 133 21
57 - 84 21
67 - 35 33
30 - 100 40
9 - 60 13
94 - 82 25
94 - 153 46
10 - 3 35
26 - 13 12
1 - 114 2
41 - 13 41
1 - 54 14
146 - 33 31
128 - 26 0
38 - 137 33
118 - 187 48
16 - 4 25
110 - 101 21
38 - 178 33
42 - 73 3
111 - 161 27
7 - 116 20
69 - 190 36
109 - 155 45
16 - 138 16
29 - 41 50
92 - 91 48
105 - 102 3
106 - 71 26
1 - 125 26
64 - 88 5
63 - 76 38
53 - 9 42
110 - 134 38
105 - 104 15
12 - 173 22
63 - 86 48
114 - 15 7
149 - 140 45
37 - 6 33
121 - 106 18
4 - 105 6
52 - 151 46
100 - 118 5
54 - 21 37
13 - 118 17
88 - 14 45
38 - 49 16
7 - 60 49
72 - 188 26
45 - 146 27
116 - 163 25
132 - 185 22
13 - 15 30
38 - 5 36
69 - 76 4
158 - 68 25
19 - 173 49
58 - 60 9
5 - 55 9
17 - 14 14
44 - 46 13
58 - 12 10
7 - 22 0
12 - 35 47
128 - 90 43
120 - 12 14
112 - 63 31
40 - 31 19
132 - 84 5
90 - 15 32
155 - 123 45
167 - 115 15
57 - 60 38
58 - 82 15
103 - 159 41
4 - 6 50
35 - 1 37
88 - 184 36
143 - 128 39
131 - 127 48
107 - 121 32
126 - 105 13
33 - 120 0
8 - 9 23
126 - 101 4
159 - 153 9
105 - 111 36
7 - 118 46
5 - 7 20
33 - 157 24
19 - 129 6
82 - 88 33
155 - 150 23
13 - 4 24
19 - 25 21
10 - 4 48
57 - 69 26
78 - 183 36
193 - 110 44
107 - 168 20
126 - 101 15
178 - 78 39
55 - 103 28
128 - 140 12
51 - 28 21
66 - 190 44
109 - 107 24
156 - 199 26
60 - 83 24
82 - 156 41
26 - 38 38
181 - 101 9
16 - 66 38
35 - 8 2
11 - 17 31
29 - 10 28
12 - 24 43
56 - 59 41
57 - 106 15
30 - 42 8
15 - 24 28
133 - 137 23
56 - 73 22
47 - 94 29
3 - 152 18
148 - 46 42
146 - 109 34
51 - 78 18
191 - 52 45
67 - 156 21
102 - 105 22
116 - 119 6
25 - 37 39
49 - 89 24
26 - 140 45
156 - 131 19
15 - 103 29
169 - 109 14
91 - 41 22
96 - 57 19
134 - 128 26
159 - 193 45
109 - 8 29
83 - 89 46
54 - 51 16
41 - 4 46
22 - 4 35
35 - 32 15
66 - 10 27
4 - 10 35
73 - 61 43
127 - 19 1
32 - 29 43
17 - 57 28
131 - 14 45
4 - 103 26
91 - 41 22
83 - 107 47
112 - 102 5
103 - 104 7
3 - 102 8
128 - 131 46
94 - 171 36
131 - 132 4
133 - 82 48
32 - 131 26
50 - 41 47
125 - 10 23
11 - 13 39
112 - 96 1
54 - 66 27
93 - 29 34
108 - 106 8
41 - 77 11
8 - 15 9
36 - 25 31
56 - 53 6
7 - 51 3
82 - 95 43
53 - 29 34
53 - 72 13
164 - 120 30
82 - 26 7
103 - 158 42
16 - 12 5
100 - 153 20
133 - 7 37
3 - 38 20
11 - 177 33
187 - 123 3
136 - 12 50
127 - 117 3
54 - 90 43
44 - 10 2
100 - 1 5
101 - 77 21
91 - 19 38
15 - 93 16
176 - 3 14
54 - 92 49
27 - 156 14
176 - 82 3
131 - 132 16
103 - 130 48
30 - 102 28
135 - 16 5
180 - 193 27
153 - 4 50
1 - 115 49
67 - 35 43
104 - 100 1
122 - 124 47
151 - 60 13
13 - 108 9
19 - 74 38
135 - 130 47
72 - 23 48
26 - 141 7
102 - 130 46
3 - 1 15
54 - 2 25
5 - 4 41
4 - 134 43
91 - 7 50
92 - 196 36
71 - 168 47
47 - 155 40
165 - 192 21
33 - 19 47
83 - 76 49
168 - 154 35
70 - 52 48
165 - 54 36
104 - 101 36
59 - 118 32
13 - 38 33
81 - 88 11
88 - 28 20
92 - 55 47
61 - 105 7
2 - 103 27
109 - 122 19
20 - 169 40
16 - 162 43
7 - 9 49
108 - 109 14
67 - 64 22
137 - 135 29
15 - 21 3
128 - 78 35
75 - 98 32
131 - 108 22
122 - 110 48
131 - 3 48
177 - 82 8
122 - 101 37
16 - 114 9
103 - 29 19
58 - 51 48
20 - 19 47
3 - 158 19
124 - 128 42
132 - 139 46
131 - 1 17
103 - 105 9
51 - 76 26
156 - 105 40
100 - 102 50
139 - 115 43
62 - 68 19
9 - 41 1
31 - 78 33
51 - 3 12
167 - 79 27
25 - 22 30
159 - 153 11
22 - 20 6
110 - 160 48
101 - 114 3
17 - 137 48
92 - 194 34
158 - 9 2
162 - 165 32
20 - 106 33
14 - 16 41
78 - 114 48
5 - 13 22
96 - 41 7
51 - 177 11
38 - 51 10
108 - 113 46
173 - 192 46
126 - 116 35
79 - 68 23
16 - 22 36
120 - 9 29
29 - 79 1
118 - 19 22
103 - 121 19
117 - 4 0
108 - 173 33
72 - 172 45
114 - 115 29
82 - 44 45
164 - 193 46
15 - 3 8
111 - 150 32
34 - 78 14
26 - 51 35
178 - 41 17
3 - 40 32
79 - 51 43
6 - 103 36
27 - 14 23
57 - 180 35
164 - 165 4
108 - 161 24
4 - 18 4
86 - 32 48
63 - 100 47
156 - 166 26
26 - 30 8
101 - 89 44
29 - 30 45
76 - 77 25
2 - 7 8
26 - 38 43
153 - 3 45
22 - 79 31
34 - 28 16
66 - 48 25
179 - 94 37
51 - 77 47
179 - 52 25
178 - 103 12
96 - 65 7
196 - 176 26
100 - 42 12
13 - 36 28
107 - 7 34
28 - 40 14
102 - 151 2
68 - 28 46
74 - 66 11
38 - 100 47
152 - 151 0
24 - 22 30
6 - 29 44
81 - 180 43
106 - 137 42
32 - 76 4
165 - 59 9
10 - 168 18
16 - 128 32
27 - 113 0
10 - 22 20
109 - 7 47
103 - 181 7
106 - 52 15
177 - 175 23
197 - 89 45
128 - 105 29
167 - 16 15
157 - 87 20
54 - 84 44
44 - 38 16
178 - 103 23
31 - 54 6
23 - 121 7
54 - 80 40
159 - 154 38
26 - 29 46
44 - 53 30
140 - 154 42
7 - 10 28
20 - 112 21
27 - 8 41
151 - 125 40
66 - 22 14
39 - 13 7
5 - 44 2
1 - 69 16
1 - 16 22
29 - 35 18
77 - 10 46
128 - 14 25
30 - 182 36
189 - 20 9
185 - 134 45
79 - 92 41
134 - 103 18
16 - 54 4
190 - 168 35
66 - 18 45
31 - 6 18
84 - 83 25
97 - 82 5
49 - 22 17
103 - 142 7
152 - 161 25
112 - 7 28
137 - 63 48
38 - 28 30
89 - 99 12
128 - 115 13
177 - 93 22
190 - 163 11
103 - 1 4
152 - 33 14
7 - 57 14
103 - 66 4
88 - 137 46
77 - 58 0
165 - 164 25
4 - 140 14
101 - 100 12
162 - 26 16
21 - 146 47
103 - 125 24
59 - 94 35
134 - 128 5
142 - 68 12
38 - 89 30
159 - 22 44
20 - 156 44
2 - 8 7
13 - 21 41
7 - 33 47
29 - 88 34
91 - 79 40
104 - 103 28
54 - 65 43
102 - 16 5
164 - 139 30
165 - 118 9
31 - 7 42
16 - 6 43
118 - 105 3
77 - 26 0
165 - 91 32
69 - 80 35
130 - 32 42
170 - 4 20
80 - 179 12
106 - 82 37
152 - 7 41
157 - 162 6
78 - 26 24
56 - 49 47
174 - 13 33
103 - 61 41
179 - 180 12
52 - 2 23
16 - 2 8
159 - 171 21
171 - 22 0
112 - 14 11
85 - 137 46
84 - 78 1
159 - 171 8
164 - 165 48
35 - 7 35
6 - 27 6
100 - 90 17
29 - 47 23
158 - 69 11
176 - 91 14
76 - 52 42
118 - 19 43
25 - 5 15
63 - 17 11
66 - 53 25
134 - 181 45
94 - 38 9
14 - 41 23
136 - 110 8
111 - 123 12
11 - 4 47
156 - 150 46
104 - 4 48
110 - 128 21
1 - 108 44
15 - 28 24
171 - 69 22
71 - 170 31
160 - 5 11
26 - 34 45
159 - 59 20
106 - 1 33
52 - 83 18
25 - 54 13
72 - 150 39
98 - 44 18
136 - 127 43
88 - 76 47
52 - 150 50
60 - 12 32
81 - 36 20
57 - 159 44
32 - 143 34
63 - 82 47
4 - 2 46
138 - 38 38
62 - 108 39
53 - 103 43
39 - 44 3
153 - 103 8
1 - 20 15
14 - 47 6
104 - 118 10
127 - 31 8
66 - 53 46
156 - 106 49
137 - 32 39
175 - 26 47
51 - 56 12
125 - 26 35
51 - 54 30
25 - 73 6
31 - 175 14
146 - 178 29
134 - 78 39
13 - 15 25
125 - 27 7
5 - 42 13
54 - 27 9
59 - 71 50
159 - 156 23
156 - 57 14
100 - 162 37
4 - 76 28
40 - 179 0
72 - 103 41
89 - 194 11
16 - 166 8
119 - 60 15
137 - 140 16
43 - 14 16
53 - 16 29
112 - 100 23
37 - 6 15
27 - 83 35
88 - 46 6
159 - 35 6
103 - 121 33
60 - 153 35
20 - 100 32
182 - 95 37
2 - 77 29
2 - 159 39
137 - 146 13
16 - 142 35
160 - 5 9
28 - 3 29
118 - 112 44
77 - 33 34
19 - 101 25
163 - 113 23
31 - 142 6
19 - 91 7
13 - 58 37
157 - 100 24
27 - 32 1
43 - 49 34
58 - 76 41
29 - 32 29
38 - 44 43
198 - 146 7
42 - 49 24
103 - 150 0
40 - 31 50
3 - 1 38
128 - 130 9
106 - 3 15
77 - 188 24
26 - 1 50
13 - 111 27
40 - 152 41
155 - 65 39
77 - 17 7
26 - 97 16
35 - 30 6
2 - 4 43
193 - 170 27
164 - 126 12
121 - 146 47
36 - 32 31
52 - 152 22
184 - 49 44
57 - 10 7
10 - 35 1
127 - 55 31
43 - 65 36
19 - 23 13
8 - 20 4
57 - 32 12
48 - 45 30
175 - 159 48
109 - 110 21
16 - 4 10
178 - 133 35
4 - 133 6
52 - 66 3
128 - 119 15
164 - 168 17
79 - 159 23
11 - 35 6
21 - 71 3
13 - 3 50
21 - 49 38
52 - 157 40
108 - 12 50
108 - 156 19
108 - 102 32
45 - 144 4
42 - 73 18
108 - 158 44
109 - 162 33
155 - 166 2
106 - 158 7
87 - 83 30
106 - 60 24
1 - 38 35
46 - 132 12
166 - 104 19
121 - 60 19
136 - 85 0
83 - 8 48
29 - 79 27
111 - 28 5
4 - 6 18
49 - 117 21
64 - 92 10
7 - 118 25
29 - 35 30
76 - 26 11
51 - 8 15
17 - 22 17
15 - 114 42
176 - 151 39
105 - 30 10
91 - 175 7
186 - 178 39
41 - 45 7
1 - 107 1
193 - 146 31
79 - 56 44
157 - 156 37
153 - 109 13
79 - 29 42
1 - 41 19
36 - 17 23
164 - 114 2
98 - 99 43
45 - 4 22
134 - 173 44
29 - 12 21
51 - 53 39
27 - 52 2
91 - 66 42
126 - 132 23
4 - 13 32
77 - 2 48
123 - 60 50
9 - 112 20
80 - 193 41
91 - 120 35
6 - 108 39
148 - 105 39
115 - 105 1
44 - 42 18
40 - 189 14
15 - 14 25
28 - 104 46
85 - 37 1
187 - 165 31
69 - 1 38
26 - 21 24
14 - 43 37
2 - 108 14
105 - 177 27
122 - 106 45
181 - 175 1
55 - 106 46
116 - 4 27
67 - 68 15
127 - 162 37
162 - 1 8
105 - 106 17
131 - 1 47
86 - 66 17
10 - 37 24
63 - 53 46
102 - 114 12
19 - 20 44
69 - 66 18
182 - 159 41
6 - 26 9
141 - 39 35
128 - 82 43
103 - 7 32
4 - 10 14
29 - 81 19
11 - 29 4
13 - 17 37
130 - 47 35
70 - 4 12
190 - 79 23
65 - 66 40
48 - 149 39
14 - 22 24
155 - 81 29
29 - 13 24
137 - 7 10
54 - 4 20
44 - 49 23
14 - 13 46
18 - 4 45
29 - 153 16
46 - 38 36
118 - 112 8
104 - 5 40
26 - 125 11
106 - 103 11
183 - 78 44
67 - 194 0
3 - 52 49
7 - 1 49
6 - 31 45
44 - 115 30
160 - 60 17
96 - 41 8
32 - 139 2
190 - 13 15
26 - 39 7
156 - 33 1
177 - 78 4
29 - 3 8
44 - 10 10
155 - 150 9
190 - 1 5
129 - 30 12
16 - 2 38
121 - 112 5
32 - 9 38
82 - 56 28
87 - 74 6
13 - 2 9
66 - 120 16
4 - 104 24
169 - 151 18
140 - 184 45
187 - 165 42
82 - 57 50
80 - 23 37
91 - 45 50
19 - 51 16
162 - 175 28
4 - 13 46
132 - 107 13
10 - 14 11
28 - 10 46
69 - 168 30
123 - 111 21
23 - 16 5
151 - 100 32
79 - 137 34
5 - 103 41
54 - 175 22
7 - 104 32
13 - 3 26
22 - 69 6
4 - 153 35
132 - 149 46
158 - 101 17
190 - 115 31
4 - 30 22
32 - 33 20
135 - 137 25
105 - 100 45
152 - 150 6
175 - 51 7
144 - 19 20
29 - 42 35
107 - 99 30
9 - 35 45
66 - 53 23
125 - 177 28
125 - 28 45
80 - 29 46
14 - 72 3
4 - 79 40
32 - 8 28
143 - 137 29
47 - 1 3
103 - 60 48
1 - 13 42
168 - 83 48
30 - 22 20
100 - 47 4
176 - 77 34
76 - 177 29
53 - 9 43
74 - 18 32
128 - 137 7
103 - 117 25
127 - 28 1
63 - 123 44
69 - 76 6
35 - 32 6
148 - 120 2
84 - 57 8
73 - 124 12
13 - 29 39
18 - 13 8
127 - 53 42
49 - 44 45
121 - 195 6
67 - 70 16
179 - 103 38
54 - 69 30
63 - 61 5
145 - 187 24
190 - 181 47
57 - 162 16
187 - 66 17
50 - 59 41
186 - 79 0
132 - 107 26
107 - 34 11
9 - 145 6
39 - 8 9
72 - 85 17
9 - 35 30
150 - 187 30
3 - 9 19
90 - 38 26
191 - 141 46
16 - 1 4
140 - 123 43
115 - 127 25
5 - 95 38
20 - 39 8
43 - 30 25
69 - 35 0
41 - 43 32
113 - 106 11
191 - 88 27
83 - 97 21
169 - 109 9
132 - 135 27
11 - 74 29
95 - 109 38
134 - 156 33
100 - 15 28
35 - 129 46
63 - 38 44
123 - 118 2
101 - 102 5
116 - 166 2
27 - 35 47
21 - 103 40
195 - 9 5
118 - 146 7
131 - 173 42
64 - 101 37
14 - 4 28
53 - 54 44
20 - 5 23
16 - 29 44
31 - 131 47
35 - 175 29
104 - 107 43
9 - 3 47
101 - 4 46
109 - 61 33
16 - 20 3
1 - 60 17
22 - 1 24
114 - 39 41
194 - 184 33
175 - 100 17
103 - 121 0
35 - 178 20
115 - 151 11
85 - 82 29
27 - 175 29
100 - 9 0
185 - 155 30
35 - 11 8
60 - 105 26
184 - 82 10
6 - 60 35
150 - 13 5
43 - 117 33
57 - 76 18
195 - 139 2
115 - 3 15
2 - 51 7
57 - 54 24
17 - 117 14
21 - 153 35
106 - 1 24
102 - 158 36
10 - 35 36
193 - 137 44
131 - 107 13
5 - 67 29
184 - 134 29
71 - 47 40
72 - 165 2
103 - 1 9
11 - 180 15
125 - 110 7
44 - 8 28
49 - 38 16
2 - 27 24
156 - 163 50
122 - 119 48
131 - 32 3
93 - 72 20
16 - 14 23
105 - 134 1
110 - 7 22
91 - 170 23
27 - 69 26
126 - 27 27
10 - 4 15
97 - 72 49
116 - 104 6
41 - 43 4
119 - 168 42
114 - 119 33
13 - 66 49
18 - 130 48
103 - 13 36
14 - 5 8
125 - 13 3
105 - 109 42
52 - 79 29
3 - 1 21
126 - 125 20
107 - 122 31
60 - 177 44
79 - 78 39
160 - 104 38
72 - 74 31
77 - 5 47
91 - 41 43
59 - 76 1
13 - 4 11
33 - 9 44
187 - 189 0
79 - 76 46
26 - 7 0
88 - 78 11
150 - 30 8
14 - 1 7
13 - 38 20
4 - 35 9
44 - 69 45
63 - 1 27
111 - 22 6
142 - 38 49
132 - 184 10
133 - 22 8
62 - 106 42
54 - 82 38
61 - 55 25
26 - 105 7
141 - 89 9
11 - 75 8
30 - 5 23
59 - 108 2
137 - 127 33
68 - 65 30
23 - 16 0
36 - 86 10
181 - 129 29
10 - 59 15
66 - 67 1
140 - 199 16
109 - 2 44
18 - 115 28
163 - 171 50
110 - 100 38
76 - 40 43
162 - 3 6
72 - 171 6
80 - 188 22
27 - 26 9
109 - 125 32
22 - 60 10
72 - 12 48
29 - 134 16
126 - 41 35
146 - 22 18
185 - 161 37
51 - 88 30
53 - 71 38
120 - 106 15
18 - 81 32
164 - 78 39
51 - 63 18
93 - 198 12
5 - 73 50
44 - 94 47
4 - 26 9
159 - 185 22
178 - 91 35
29 - 104 12
1 - 13 43
43 - 32 27
66 - 16 0
127 - 78 5
11 - 110 11
159 - 69 0
76 - 131 32
26 - 28 4
2 - 77 31
5 - 25 26
103 - 1 23
66 - 163 16
144 - 163 23
80 - 52 41
101 - 113 13
77 - 51 15
19 - 44 37
125 - 134 26
58 - 171 20
28 - 100 6
29 - 32 18
65 - 40 6
33 - 46 23
108 - 103 14
83 - 77 45
22 - 102 5
140 - 20 18
182 - 38 49
13 - 2 43
137 - 112 13
94 - 163 36
4 - 171 17
117 - 140 33
103 - 4 13
1 - 35 29
104 - 30 48
114 - 164 15
11 - 36 3
159 - 75 31
10 - 110 45
79 - 153 37
51 - 53 24
9 - 12 49
95 - 92 44
162 - 171 2
170 - 157 37
101 - 116 36
165 - 163 44
3 - 109 1
81 - 90 34
187 - 100 17
1 - 27 29
19 - 103 43
118 - 57 36
10 - 2 3
103 - 29 11
91 - 112 15
91 - 76 7
32 - 1 9
41 - 45 39
79 - 76 21
128 - 125 19
66 - 41 14
35 - 106 49
90 - 51 30
111 - 106 17
4 - 32 49
1 - 19 0
57 - 154 0
156 - 69 46
29 - 80 13
107 - 100 23
16 - 46 21
190 - 133 29
113 - 100 0
22 - 16 1
13 - 115 13
150 - 107 21
93 - 43 32
100 - 126 37
113 - 70 22
14 - 1 50
176 - 100 46
96 - 162 23
54 - 72 37
72 - 99 36
120 - 143 36
7 - 156 12
63 - 51 6
28 - 53 16
7 - 74 20
18 - 3 36
195 - 112 49
24 - 20 21
39 - 77 16
35 - 36 35
57 - 59 14
65 - 100 41
13 - 14 46
112 - 24 20
76 - 44 49
189 - 177 22
97 - 196 28
26 - 175 45
36 - 76 43
146 - 7 44
9 - 7 41
149 - 44 42
187 - 163 42
112 - 115 14
34 - 40 0
103 - 162 11
20 - 193 1
166 - 137 30
18 - 130 32
7 - 76 21
185 - 112 3
55 - 113 35
75 - 25 5
13 - 116 10
55 - 112 0
91 - 82 35
147 - 146 50
183 - 181 37
157 - 151 10
88 - 26 19
10 - 103 22
41 - 93 7
140 - 142 3
14 - 92 45
117 - 153 12
27 - 115 44
183 - 79 46
4 - 7 9
51 - 76 45
38 - 11 36
2 - 33 50
68 - 114 26
10 - 3 10
89 - 79 4
58 - 156 35
70 - 67 37
41 - 84 32
41 - 13 34
72 - 106 34
142 - 130 24
37 - 25 33
100 - 189 32
192 - 82 31
153 - 79 25
151 - 70 26
9 - 26 50
57 - 60 19
138 - 38 32
26 - 76 28
154 - 110 3
119 - 98 16
128 - 113 28
58 - 61 3
143 - 146 50
187 - 190 46
55 - 45 26
162 - 23 9
47 - 68 35
21 - 124 32
142 - 40 19
5 - 17 35
51 - 64 31
141 - 179 31
65 - 90 24
39 - 69 22
89 - 82 31
69 - 32 47
109 - 9 44
16 - 22 32
81 - 180 9
22 - 21 1
30 - 29 13
137 - 139 4
187 - 162 48
59 - 91 33
43 - 24 6
152 - 170 0
174 - 165 21
114 - 4 17
13 - 20 14
166 - 4 23
54 - 1 39
179 - 154 4
19 - 13 15
193 - 189 17
190 - 162 38
143 - 19 12
162 - 113 47
106 - 145 20
157 - 163 24
34 - 32 27
114 - 153 3
60 - 109 5
169 - 63 32
195 - 94 48
120 - 6 40
81 - 56 47
72 - 29 37
4 - 79 6
16 - 4 12
112 - 12 5
56 - 105 7
184 - 107 48
131 - 32 0
85 - 198 49
125 - 100 36
143 - 112 17
35 - 143 9
21 - 119 6
51 - 1 20
113 - 39 33
109 - 56 46
44 - 35 25
104 - 112 37
8 - 35 31
186 - 133 7
52 - 66 7
2 - 10 20
66 - 166 34
107 - 7 6
19 - 121 46
54 - 51 21
133 - 127 33
70 - 11 48
127 - 91 49
44 - 16 7
70 - 95 49
45 - 32 35
55 - 86 17
3 - 28 2
54 - 115 46
95 - 47 49
118 - 162 7
118 - 100 30
112 - 175 33
181 - 69 28
52 - 14 32
1 - 9 43
159 - 160 27
13 - 16 4
131 - 125 39
100 - 137 3
113 - 90 9
88 - 91 22
59 - 10 32
7 - 4 28
49 - 143 12
51 - 4 29
109 - 9 8
22 - 71 3
1 - 112 26
51 - 59 5
17 - 67 29
4 - 54 10
158 - 84 24
103 - 100 49
89 - 57 43
13 - 89 32
76 - 88 42
44 - 39 28
4 - 103 47
121 - 193 20
43 - 41 10
22 - 46 44
78 - 39 42
51 - 150 12
117 - 165 19
153 - 175 34
35 - 95 21
1 - 36 9
2 - 8 34
111 - 12 38
128 - 90 50
8 - 33 22
4 - 160 26
44 - 38 7
4 - 128 0
15 - 65 19
18 - 43 20
54 - 52 26
114 - 113 46
38 - 26 32
10 - 114 19
65 - 53 48
150 - 153 14
3 - 99 6
62 - 9 38
17 - 11 3
177 - 108 13
68 - 66 24
107 - 115 36
47 - 85 22
167 - 111 39
129 - 125 44
109 - 51 33
131 - 155 34
190 - 165 14
53 - 51 27
35 - 85 30
10 - 26 19
167 - 19 7
109 - 107 6
103 - 143 48
2 - 7 4
1 - 63 46
77 - 80 23
25 - 74 30
57 - 104 19
27 - 79 43
155 - 101 3
128 - 156 9
163 - 63 26
26 - 127 14
5 - 138 49
39 - 94 2
57 - 69 17
14 - 101 27
48 - 146 26
30 - 138 27
62 - 85 11
7 - 44 49
170 - 21 47
31 - 4 39
19 - 97 0
178 - 177 39
97 - 189 36
140 - 155 17
170 - 34 30
137 - 99 0
26 - 125 45
2 - 7 17
40 - 24 50
83 - 52 15
179 - 169 20
52 - 154 13
112 - 78 15
3 - 7 10
105 - 18 10
87 - 186 9
14 - 55 3
4 - 64 32
164 - 167 29
16 - 40 50
139 - 52 9
39 - 32 7
187 - 165 43
3 - 79 45
103 - 102 47
158 - 57 42
6 - 7 16
63 - 164 16
56 - 76 4
134 - 121 36
166 - 100 25
1 - 150 49
113 - 115 22
18 - 159 28
115 - 128 25
66 - 170 9
14 - 64 3
130 - 101 15
171 - 178 33
176 - 13 31
131 - 195 30
190 - 177 27
7 - 1 17
139 - 113 35
36 - 26 7
63 - 67 36
60 - 54 22
10 - 7 31
3 - 4 34
86 - 184 9
167 - 56 11
139 - 193 39
103 - 5 49
184 - 160 44
109 - 2 7
19 - 82 38
9 - 134 8
35 - 28 3
161 - 63 18
12 - 108 17
58 - 71 6
163 - 52 50
45 - 59 4
128 - 60 49
21 - 46 9
113 - 107 14
137 - 118 14
107 - 52 37
144 - 147 14
58 - 134 27
31 - 4 1
34 - 28 22
126 - 38 6
3 - 44 32
73 - 191 7
134 - 184 50
115 - 140 47
118 - 7 38
150 - 178 10
110 - 159 2
52 - 54 2
121 - 109 32
51 - 63 10
29 - 38 42
119 - 121 42
53 - 3 9
45 - 17 16
92 - 137 25
187 - 162 27
103 - 13 9
72 - 124 4
159 - 153 27
1 - 32 3
82 - 90 9
94 - 122 22
3 - 7 6
146 - 122 48
7 - 4 39
22 - 44 36
8 - 107 29
22 - 91 34
32 - 106 40
5 - 29 21
17 - 14 50
139 - 162 7
112 - 101 27
177 - 3 22
161 - 62 37
193 - 175 9
16 - 15 44
14 - 28 6
189 - 106 22
62 - 60 39
69 - 66 12
131 - 144 48
16 - 19 38
76 - 129 42
184 - 23 18
88 - 145 31
5 - 1 1
153 - 178 42
150 - 105 18
9 - 12 5
57 - 82 10
2 - 5 35
61 - 13 10
7 - 15 8
190 - 105 8
28 - 40 14
118 - 29 38
152 - 103 40
107 - 102 21
151 - 17 35
1 - 16 1
76 - 151 12
118 - 16 7
6 - 71 9
118 - 117 45
173 - 155 27
61 - 11 7
32 - 46 7
159 - 55 26
60 - 7 35
122 - 2 17
160 - 10 47
176 - 178 14
5 - 129 27
78 - 31 8
10 - 58 26
176 - 98 27
85 - 194 14
134 - 131 10
126 - 137 13
154 - 104 5
57 - 54 1
176 - 156 17
137 - 103 38
69 - 66 26
56 - 63 22
142 - 40 19
85 - 161 44
133 - 9 46
151 - 101 31
4 - 32 33
53 - 59 14
97 - 99 49
43 - 66 38
166 - 118 21
5 - 66 35
132 - 63 38
54 - 103 41
58 - 109 8
125 - 100 1
1 - 3 34
157 - 106 41
2 - 1 49
3 - 26 31
60 - 72 37
178 - 198 33
55 - 17 29
44 - 121 45
88 - 32 45
94 - 40 28
52 - 78 46
7 - 81 34
77 - 54 39
158 - 159 35
85 - 78 36
165 - 164 44
57 - 51 26
53 - 78 43
61 - 12 45
69 - 88 24
38 - 146 39
150 - 113 1
58 - 52 22
179 - 16 21
47 - 49 32
109 - 126 12
38 - 47 11
23 - 44 42
7 - 19 6
9 - 28 29
4 - 153 30
183 - 156 37
76 - 126 25
53 - 63 13
101 - 32 20
12 - 13 12
105 - 3 16
22 - 4 47
13 - 12 6
1 - 13 38
13 - 20 26
90 - 192 36
137 - 187 45
57 - 181 37
139 - 196 42
28 - 22 47
13 - 106 16
56 - 150 3
106 - 60 42
41 - 10 7
52 - 65 12
163 - 151 39
97 - 82 39
125 - 128 24
71 - 21 48
150 - 156 40
101 - 188 46
138 - 115 22
6 - 103 18
8 - 70 18
102 - 109 9
7 - 56 21
27 - 33 32
19 - 4 29
176 - 120 22
52 - 26 13
178 - 181 34
13 - 16 20
156 - 82 41
190 - 184 30
112 - 133 48
3 - 35 1
158 - 77 37
69 - 88 42
137 - 144 49
4 - 3 50
15 - 133 8
26 - 178 21
126 - 60 9
169 - 72 23
87 - 32 6
111 - 100 32
3 - 114 8
18 - 146 33
47 - 168 25
90 - 91 14
146 - 120 7
134 - 47 7
130 - 103 25
165 - 154 22
150 - 156 24
80 - 91 8
82 - 179 15
78 - 53 21
133 - 108 20
5 - 47 19
95 - 45 23
21 - 158 30
133 - 7 7
153 - 63 14
103 - 100 7
1 - 13 18
58 - 8 40
178 - 26 7
137 - 40 36
72 - 29 8
136 - 19 19
58 - 4 45
172 - 188 2
29 - 133 14
34 - 13 50
103 - 59 49
32 - 26 33
118 - 19 25
111 - 105 23
79 - 40 14
26 - 80 47
196 - 20 22
41 - 43 47
72 - 20 41
4 - 29 7
160 - 161 22
44 - 42 22
107 - 157 36
14 - 4 41
2 - 51 13
53 - 177 12
157 - 156 21
66 - 151 8
19 - 46 40
163 - 151 5
134 - 38 50
94 - 96 33
124 - 1 24
68 - 197 23
81 - 181 33
133 - 127 43
28 - 29 8
71 - 78 39
131 - 31 34
53 - 181 44
128 - 32 2
54 - 72 0
97 - 183 35
54 - 63 43
153 - 115 44
24 - 72 36
21 - 28 2
41 - 79 14
104 - 5 2
4 - 15 10
178 - 78 12
86 - 89 29
13 - 82 6
10 - 71 26
47 - 59 27
83 - 181 35
53 - 3 49
24 - 68 23
20 - 65 12
79 - 41 43
160 - 100 19
13 - 106 8
161 - 71 18
37 - 49 42
15 - 31 46
63 - 69 12
164 - 63 32
93 - 90 2
180 - 130 37
40 - 3 16
187 - 139 25
143 - 146 6
173 - 62 24
2 - 82 14
90 - 178 39
154 - 106 24
112 - 4 26
162 - 85 32
94 - 52 8
87 - 79 30
10 - 106 30
54 - 79 32
26 - 7 35
5 - 4 12
15 - 71 50
6 - 120 30
116 - 129 4
156 - 51 45
158 - 120 6
162 - 72 30
128 - 10 13
9 - 102 26
9 - 159 0
2 - 5 44
175 - 108 46
125 - 91 30
64 - 103 4
39 - 190 11
72 - 16 31
152 - 3 0
180 - 192 3
151 - 143 30
32 - 10 14
69 - 60 38
91 - 190 42
3 - 1 1
85 - 10 11
20 - 8 20
63 - 15 2
27 - 89 8
77 - 126 39
55 - 79 5
14 - 109 31
78 - 53 20
69 - 64 12
55 - 40 21
153 - 110 39
176 - 153 11
87 - 38 35
65 - 28 29
150 - 91 44
41 - 46 17
25 - 18 45
6 - 54 30
131 - 153 40
9 - 77 19
89 - 98 19
157 - 154 48
16 - 15 21
171 - 60 8
152 - 153 49
140 - 45 23
54 - 131 1
47 - 68 33
61 - 162 5
194 - 140 23
131 - 185 15
114 - 120 27
24 - 23 6
143 - 168 22
186 - 134 43
2 - 66 10
153 - 184 18
115 - 139 16
43 - 49 41
153 - 10 0
126 - 104 12
88 - 187 0
85 - 191 22
69 - 3 19
137 - 13 41
130 - 192 36
30 - 73 26
7 - 19 24
29 - 18 28
2 - 10 44
2 - 137 4
16 - 79 20
38 - 29 43
4 - 60 41
133 - 102 18
11 - 10 32
117 - 7 38
145 - 140 27
3 - 85 3
101 - 153 7
10 - 24 14
60 - 88 24
132 - 125 10
78 - 131 42
86 - 60 13
185 - 183 44
42 - 47 12
29 - 79 45
100 - 151 5
34 - 9 42
60 - 124 22
19 - 51 40
146 - 116 5
29 - 12 41
28 - 78 43
7 - 112 11
69 - 75 24
26 - 41 41
84 - 78 50
16 - 121 24
85 - 87 41
137 - 187 14
102 - 1 16
82 - 168 43
32 - 9 14
147 - 110 9
29 - 79 22
13 - 63 38
47 - 198 1
161 - 171 41
31 - 4 49
193 - 106 37
96 - 100 34
44 - 143 33
3 - 60 30
177 - 29 9
7 - 33 10
44 - 40 8
76 - 182 42
83 - 36 39
34 - 47 12
20 - 57 40
51 - 153 40
99 - 32 24
141 - 64 9
170 - 161 17
193 - 143 24
55 - 54 40
112 - 15 21
132 - 125 16
19 - 18 46
132 - 137 19
178 - 140 20
4 - 5 8
135 - 128 36
159 - 150 44
103 - 160 44
73 - 98 5
13 - 63 13
56 - 91 41
63 - 108 16
60 - 153 44
69 - 118 37
178 - 190 41
1 - 140 30
129 - 125 42
90 - 41 8
66 - 14 37
8 - 100 40
139 - 40 46
3 - 5 5
112 - 15 44
124 - 7 23
184 - 85 32
168 - 165 39
62 - 7 18
157 - 88 36
116 - 16 13
137 - 139 43
17 - 140 18
140 - 129 33
163 - 67 23
68 - 15 43
6 - 108 46
82 - 184 0
85 - 79 45
7 - 113 19
41 - 164 42
83 - 19 35
54 - 72 19
4 - 29 32
178 - 157 2
37 - 5 40
112 - 9 19
60 - 103 19
35 - 134 1
92 - 147 30
59 - 152 44
60 - 62 24
99 - 167 40
42 - 112 20
130 - 49 5
78 - 28 14
47 - 46 0
94 - 41 37
156 - 157 30
79 - 40 38
104 - 110 44
178 - 79 9
128 - 48 4
4 - 52 36
117 - 7 9
62 - 149 26
143 - 23 3
10 - 8 10
114 - 24 20
51 - 55 31
197 - 88 36
54 - 12 28
169 - 88 22
175 - 179 31
82 - 91 36
87 - 35 7
128 - 29 11
134 - 102 30
4 - 13 47
164 - 114 13
133 - 199 47
115 - 140 2
140 - 39 36
176 - 28 0
131 - 106 29
12 - 82 12
56 - 177 33
108 - 51 38
134 - 36 31
80 - 32 19
159 - 54 7
45 - 27 45
152 - 102 26
38 - 129 24
89 - 90 46
18 - 32 8
112 - 114 45
31 - 37 31
93 - 37 16
2 - 102 30
56 - 185 3
67 - 14 31
178 - 39 50
143 - 180 19
169 - 13 6
99 - 192 44
159 - 104 27
54 - 52 41
52 - 5 29
29 - 97 48
13 - 5 47
188 - 17 24
70 - 1 41
53 - 51 46
100 - 172 2
92 - 7 41
72 - 96 7
51 - 53 19
41 - 43 3
35 - 32 45
165 - 94 19
147 - 103 7
97 - 79 50
79 - 162 20
163 - 101 41
159 - 22 39
57 - 54 10
106 - 122 31
137 - 125 46
182 - 88 43
130 - 127 4
168 - 123 16
117 - 115 44
151 - 19 38
191 - 153 42
119 - 101 30
32 - 47 41
28 - 83 1
163 - 70 26
2 - 157 41
18 - 22 14
189 - 65 20
4 - 28 35
82 - 157 41
72 - 71 43
59 - 107 11
41 - 45 13
168 - 114 49
34 - 120 43
56 - 156 2
137 - 150 0
146 - 131 25
52 - 53 32
79 - 88 39
157 - 143 12
119 - 109 30
15 - 18 12
68 - 16 41
184 - 156 12
140 - 141 20
35 - 45 45
41 - 128 43
106 - 30 38
80 - 85 27
92 - 71 28
102 - 7 13
143 - 139 29
159 - 97 31
9 - 76 8
82 - 175 37
127 - 85 10
152 - 59 34
133 - 28 14
78 - 76 14
52 - 174 31
17 - 51 43
57 - 60 39
69 - 1 46
128 - 16 39
172 - 140 23
5 - 77 23
72 - 187 10
7 - 10 5
4 - 60 8
38 - 3 46
49 - 136 10
73 - 20 29
118 - 140 42
4 - 77 32
29 - 50 26
53 - 118 46
51 - 80 20
56 - 16 39
160 - 165 0
61 - 20 16
121 - 182 33
1 - 102 1
59 - 7 32
146 - 134 33
134 - 125 50
183 - 128 4
53 - 29 0
68 - 180 4
17 - 29 34
138 - 176 0
27 - 2 3
107 - 13 19
109 - 159 33
114 - 170 3
170 - 47 18
47 - 63 10
47 - 143 25
141 - 151 8
66 - 91 15
82 - 79 36
51 - 54 14
19 - 5 2
110 - 67 36
89 - 156 10
191 - 128 42
58 - 19 31
38 - 39 18
66 - 72 33
127 - 178 27
174 - 192 38
41 - 26 44
46 - 34 8
158 - 57 1
67 - 64 44
23 - 75 12
109 - 111 2
44 - 33 12
25 - 66 11
26 - 77 9
178 - 66 20
107 - 147 43
101 - 140 30
119 - 140 47
94 - 19 48
1 - 66 0
41 - 39 15
112 - 159 13
166 - 67 21
162 - 189 39
71 - 94 35
57 - 54 25
115 - 112 41
86 - 80 10
15 - 6 36
5 - 7 49
5 - 14 48
76 - 85 46
51 - 93 8
6 - 7 3
3 - 100 20
6 - 128 32
63 - 4 27
43 - 47 28
60 - 59 6
57 - 7 13
77 - 66 1
4 - 3 28
97 - 100 2
107 - 83 1
172 - 159 18
33 - 89 26
28 - 10 24
107 - 121 18
99 - 74 4
23 - 67 49
142 - 127 29
132 - 109 33
180 - 153 9
125 - 131 5
126 - 143 36
55 - 80 48
153 - 53 43
14 - 112 13
22 - 11 40
18 - 7 32
178 - 92 15
164 - 187 24
110 - 10 13
153 - 163 33
61 - 11 10
108 - 57 39
172 - 1 13
157 - 8 4
138 - 159 1
59 - 57 44
49 - 44 24
178 - 79 11
1 - 16 47
79 - 54 47
2 - 64 12
138 - 151 5
63 - 66 50
41 - 6 11
132 - 11 34
198 - 183 31
140 - 94 8
16 - 65 49
127 - 130 32
193 - 196 9
35 - 4 27
22 - 19 8
135 - 129 15
83 - 20 15
4 - 153 20
139 - 145 26
168 - 158 12
61 - 171 49
22 - 10 10
76 - 187 30
114 - 103 7
163 - 77 22
87 - 36 3
119 - 118 3
64 - 15 39
185 - 170 11
57 - 6 10
88 - 26 0
100 - 51 50
12 - 105 13
26 - 88 43
31 - 28 42
15 - 12 42
119 - 110 3
153 - 112 21
133 - 108 7
22 - 24 42
29 - 28 49
30 - 26 37
63 - 51 18
100 - 131 4
1 - 59 24
36 - 37 20
16 - 142 10
42 - 23 28
116 - 73 9
27 - 41 7
76 - 85 42
149 - 25 27
143 - 164 30
87 - 56 13
37 - 29 37
76 - 66 43
107 - 10 6
10 - 131 25
167 - 125 29
22 - 69 4
69 - 70 11
199 - 159 41
3 - 137 10
185 - 193 4
164 - 156 42
54 - 103 3
141 - 104 46
90 - 71 7
141 - 55 9
8 - 2 17
13 - 60 32
54 - 13 12
11 - 82 16
32 - 1 40
115 - 81 43
132 - 10 47
99 - 159 19
130 - 127 33
165 - 164 25
35 - 54 31
113 - 38 23
131 - 102 15
106 - 181 9
65 - 88 14
103 - 128 19
170 - 90 38
108 - 133 30
21 - 46 9
61 - 35 14
41 - 64 22
53 - 17 28
192 - 175 36
56 - 10 25
8 - 60 15
26 - 139 49
69 - 66 5
70 - 122 20
163 - 64 1
151 - 159 41
129 - 27 25
26 - 77 12
25 - 21 13
132 - 35 38
69 - 15 15
29 - 35 28
71 - 74 25
60 - 81 34
164 - 118 0
189 - 71 26
52 - 58 30
153 - 183 24
155 - 198 12
61 - 8 46
105 - 153 30
18 - 100 46
15 - 120 45
167 - 115 29
50 - 148 32
64 - 52 20
114 - 115 25
159 - 152 47
134 - 19 1
132 - 162 13
154 - 150 27
6 - 12 19
3 - 32 22
57 - 156 23
12 - 22 24
56 - 57 1
2 - 52 47
57 - 60 29
176 - 113 32
47 - 21 27
112 - 126 35
67 - 64 22
29 - 151 3
39 - 2 35
195 - 150 20
4 - 7 48
27 - 126 10
105 - 103 35
195 - 118 27
44 - 32 0
76 - 41 44
30 - 4 6
179 - 16 13
22 - 122 44
128 - 83 23
91 - 79 7
13 - 32 18
21 - 34 13
150 - 109 45
27 - 38 3
187 - 32 48
36 - 82 14
21 - 18 29
13 - 15 27
42 - 73 1
189 - 161 24
58 - 150 9
156 - 108 49
134 - 198 4
98 - 61 24
82 - 181 14
34 - 125 1
177 - 76 13
121 - 115 5
44 - 1 24
11 - 106 4
3 - 4 49
10 - 4 5
171 - 5 16
29 - 19 49
12 - 10 13
181 - 97 19
121 - 113 48
1 - 26 15
52 - 131 9
140 - 30 46
104 - 11 0
82 - 30 24
69 - 66 32
65 - 71 23
57 - 152 10
148 - 19 46
66 - 5 1
59 - 51 0
4 - 115 7
186 - 85 22
72 - 9 50
101 - 151 23
127 - 4 47
57 - 85 48
75 - 65 29
27 - 55 26
1 - 5 20
47 - 121 27
72 - 11 29
131 - 162 32
7 - 59 32
153 - 51 20
42 - 134 5
162 - 54 44
112 - 100 12
43 - 72 21
18 - 3 35
165 - 169 14
115 - 123 16
91 - 89 5
159 - 158 21
156 - 176 17
79 - 4 31
52 - 38 27
103 - 42 34
10 - 134 12
112 - 173 7
89 - 16 33
16 - 7 46
31 - 44 18
16 - 4 21
26 - 35 1
106 - 4 44
153 - 54 11
54 - 79 26
2 - 8 46
90 - 31 33
18 - 68 40
127 - 31 9
82 - 131 22
168 - 156 14
152 - 132 49
184 - 106 26
13 - 120 28
100 - 103 21
176 - 165 41
99 - 86 32
13 - 9 1
103 - 101 40
112 - 42 5
117 - 146 19
7 - 136 27
147 - 134 38
151 - 150 6
35 - 140 2
19 - 162 49
127 - 133 36
25 - 19 43
172 - 54 23
43 - 88 22
112 - 7 32
71 - 16 22
11 - 23 34
149 - 110 12
59 - 90 31
176 - 14 46
105 - 53 18
13 - 140 21
118 - 22 4
103 - 106 48
10 - 134 46
85 - 137 50
128 - 156 23
131 - 181 25
106 - 118 48
101 - 8 30
3 - 28 33
158 - 156 6
121 - 24 15
112 - 11 43
4 - 22 36
46 - 22 35
35 - 91 50
121 - 120 23
60 - 79 41
114 - 118 34
146 - 104 1
128 - 63 18
47 - 117 39
5 - 3 22
76 - 82 25
54 - 27 4
152 - 90 15
18 - 119 16
196 - 83 2
170 - 114 11
90 - 21 8
176 - 159 48
103 - 100 41
30 - 55 50
79 - 127 41
127 - 135 0
16 - 88 9
168 - 169 47
152 - 170 1
40 - 38 14
30 - 80 6
151 - 101 35
7 - 39 27
199 - 180 42
78 - 29 49
79 - 93 42
10 - 7 5
126 - 106 47
16 - 115 28
28 - 82 48
85 - 80 0
64 - 14 25
115 - 153 44
4 - 32 25
190 - 23 35
82 - 36 41
13 - 95 32
170 - 100 24
157 - 85 5
24 - 120 44
53 - 66 31
16 - 94 11
179 - 153 29
158 - 161 48
104 - 132 7
61 - 157 50
79 - 16 43
84 - 53 33
140 - 91 12
178 - 183 36
70 - 168 18
47 - 141 48
126 - 136 20
19 - 38 7
111 - 105 30
63 - 13 49
29 - 23 50
132 - 153 37
156 - 106 33
81 - 85 1
26 - 16 35
30 - 29 13
63 - 66 46
141 - 33 28
4 - 66 1
156 - 151 8
58 - 157 50
28 - 4 45
14 - 104 24
140 - 40 40
7 - 9 33
35 - 37 46
66 - 153 49
86 - 85 43
4 - 137 19
66 - 3 26
28 - 130 38
156 - 155 22
94 - 143 13
51 - 175 41
182 - 196 33
27 - 29 2
127 - 152 47
60 - 10 27
35 - 99 5
22 - 68 48
181 - 8 1
4 - 125 23
63 - 67 3
54 - 30 33
103 - 1 14
23 - 72 41
139 - 88 16
187 - 173 13
60 - 96 15
6 - 11 30
122 - 134 33
89 - 126 20
80 - 88 12
44 - 137 38
132 - 29 19
66 - 60 38
2 - 8 24
131 - 126 22
90 - 88 4
55 - 4 25
3 - 28 11
92 - 79 2
65 - 150 7
70 - 54 15
63 - 57 1
14 - 19 17
15 - 18 40
54 - 1 1
46 - 76 50
179 - 191 37
117 - 118 48
142 - 162 16
93 - 40 15
187 - 47 31
63 - 25 38
145 - 78 23
7 - 10 16
128 - 109 0
5 - 103 34
1 - 101 29
179 - 137 39
143 - 4 34
164 - 127 27
152 - 189 25
108 - 7 28
175 - 179 47
19 - 144 42
162 - 51 46
186 - 128 12
83 - 58 32
154 - 160 20
101 - 188 46
169 - 171 30
58 - 159 22
160 - 46 24
81 - 54 18
54 - 153 1
178 - 136 37
117 - 12 31
171 - 72 11
13 - 22 46
102 - 15 22
76 - 13 10
132 - 194 42
144 - 119 14
77 - 76 13
2 - 8 22
187 - 180 24
153 - 68 32
69 - 18 36
125 - 131 3
110 - 161 2
152 - 103 17
187 - 81 3
124 - 162 16
187 - 97 41
14 - 19 43
138 - 39 45
30 - 15 40
181 - 193 1
106 - 2 13
62 - 15 19
12 - 114 30
54 - 90 24
86 - 55 22
121 - 161 9
58 - 3 46
153 - 54 42
116 - 110 6
177 - 188 1
63 - 51 8
113 - 163 0
93 - 193 19
64 - 69 40
181 - 31 24
90 - 89 25
130 - 192 39
135 - 35 39
35 - 132 11
131 - 26 15
127 - 128 49
27 - 77 35
129 - 139 42
53 - 112 45
78 - 151 13
191 - 169 12
100 - 109 42
29 - 177 27
61 - 159 39
38 - 44 40
35 - 131 40
155 - 153 19
66 - 91 43
102 - 59 31
137 - 38 3
134 - 29 40
143 - 144 21
7 - 156 17
11 - 102 31
15 - 11 48
121 - 193 9
178 - 32 30
13 - 7 13
54 - 159 18
161 - 151 8
40 - 117 11
142 - 112 30
28 - 18 13
92 - 176 11
159 - 157 20
102 - 1 3
46 - 38 30
118 - 35 4
62 - 161 0
29 - 26 40
43 - 148 37
100 - 32 40
5 - 86 8
103 - 18 29
31 - 6 5
195 - 194 39
149 - 171 9
42 - 67 33
4 - 24 35
183 - 78 0
35 - 86 17
128 - 126 5
178 - 160 36
51 - 53 5
8 - 7 20
152 - 65 38
127 - 103 22
66 - 56 50
175 - 82 36
119 - 19 49
190 - 140 27
100 - 108 35
39 - 8 50
178 - 70 44
14 - 104 34
39 - 41 27
66 - 168 43
108 - 158 49
27 - 2 47
107 - 33 5
89 - 54 29
10 - 9 29
43 - 27 46
157 - 106 30
115 - 4 8
125 - 41 43
54 - 61 2
54 - 103 43
159 - 156 36
37 - 31 1
4 - 57 21
47 - 73 6
35 - 85 3
187 - 41 9
122 - 82 2
74 - 75 39
121 - 158 40
14 - 172 31
1 - 110 27
182 - 194 14
69 - 92 23
1 - 2 1
1 - 51 16
58 - 61 33
25 - 54 3
98 - 196 33
29 - 178 16
3 - 170 2
140 - 131 32
10 - 64 16
172 - 37 29
15 - 3 19
145 - 148 0
87 - 79 37
164 - 187 11
189 - 193 22
106 - 26 19
95 - 69 22
1 - 51 32
28 - 38 41
29 - 41 15
164 - 21 21
108 - 10 40
35 - 135 46
69 - 94 31
7 - 32 3
118 - 28 48
152 - 163 26
106 - 4 24
153 - 103 3
77 - 138 49
74 - 184 29
54 - 63 15
193 - 114 33
10 - 34 35
32 - 79 39
19 - 1 48
4 - 13 9
79 - 16 26
76 - 78 3
50 - 120 8
38 - 162 48
79 - 29 14
153 - 178 5
53 - 57 36
79 - 44 41
187 - 117 8
159 - 150 47
83 - 184 44
110 - 147 45
1 - 3 44
185 - 70 46
4 - 157 20
112 - 101 12
13 - 1 2
136 - 19 2
115 - 134 8
18 - 106 14
38 - 16 33
22 - 46 24
18 - 6 40
16 - 41 27
3 - 59 15
154 - 66 21
2 - 4 26
60 - 57 20
162 - 54 44
57 - 156 29
19 - 66 0
35 - 133 50
1 - 57 11
5 - 13 40
96 - 133 25
148 - 46 16
87 - 94 33
65 - 23 4
54 - 13 45
156 - 128 15
42 - 2 15
8 - 103 11
134 - 128 38
2 - 8 35
103 - 4 16
143 - 187 40
10 - 24 20
182 - 184 32
8 - 96 2
62 - 37 50
41 - 57 1
181 - 103 20
123 - 109 35
168 - 156 8
116 - 179 12
54 - 121 45
131 - 106 0
63 - 64 9
88 - 196 46
10 - 22 1
9 - 163 37
10 - 29 14
178 - 27 7
3 - 152 31
12 - 102 30
136 - 31 44
71 - 170 25
179 - 130 17
76 - 92 1
69 - 193 39
192 - 180 8
118 - 1 35
4 - 5 37
67 - 115 32
118 - 107 9
39 - 38 8
135 - 39 47
36 - 129 23
26 - 13 31
41 - 103 22
165 - 168 35
137 - 2 50
164 - 165 23
22 - 21 27
79 - 153 42
70 - 187 28
180 - 54 38
73 - 56 15
35 - 49 8
19 - 21 5
65 - 112 38
63 - 1 37
8 - 53 26
3 - 28 47
101 - 112 6
20 - 35 10
56 - 54 11
76 - 1 39
4 - 100 49
167 - 173 17
106 - 161 7
152 - 65 50
152 - 178 4
32 - 31 24
41 - 92 31
36 - 179 31
115 - 165 41
47 - 136 49
20 - 182 33
185 - 110 19
8 - 33 1
3 - 72 39
4 - 56 50
102 - 103 45
12 - 47 42
135 - 125 0
48 - 38 23
100 - 118 26
63 - 14 18
95 - 99 41
126 - 178 37
10 - 4 42
104 - 182 28
162 - 91 2
70 - 13 39
68 - 117 13
12 - 105 18
166 - 189 24
10 - 6 46
7 - 118 38
118 - 13 23
66 - 22 32
179 - 154 42
111 - 112 44
53 - 26 48
3 - 120 33
27 - 79 2
22 - 72 33
57 - 4 49
110 - 194 7
5 - 103 15
7 - 106 32
55 - 4 42
138 - 58 6
121 - 20 49
100 - 125 37
35 - 23 29
140 - 150 45
4 - 3 42
11 - 60 28
29 - 103 20
132 - 45 44
3 - 41 29
36 - 126 46
119 - 159 36
139 - 146 40
79 - 33 41
53 - 59 12
36 - 20 38
10 - 4 18
13 - 8 5
120 - 20 31
45 - 132 40
18 - 59 31
8 - 36 9
69 - 160 18
134 - 2 19
113 - 23 2
34 - 57 19
84 - 96 7
79 - 13 49
5 - 2 45
102 - 4 48
169 - 20 42
139 - 1 30
151 - 16 31
49 - 47 34
156 - 4 33
12 - 186 38
103 - 11 36
162 - 72 48
107 - 106 23
79 - 151 23
66 - 72 5
95 - 88 31
69 - 6 40
112 - 103 16
107 - 69 29
140 - 40 48
29 - 63 25
15 - 19 25
63 - 112 6
7 - 115 18
4 - 13 4
99 - 162 39
172 - 16 20
39 - 26 44
94 - 19 50
64 - 183 31
162 - 14 0
164 - 160 7
60 - 88 50
26 - 5 27
10 - 120 13
169 - 160 6
151 - 162 19
70 - 14 20
184 - 158 21
32 - 12 46
79 - 181 21
53 - 156 35
94 - 51 12
28 - 193 21
16 - 39 22
147 - 106 32
66 - 65 38
18 - 47 11
73 - 124 47
120 - 146 42
9 - 21 32
110 - 24 40
60 - 55 24
131 - 101 14
39 - 84 42
140 - 106 27
30 - 105 14
52 - 91 40
4 - 16 8
166 - 159 42
89 - 153 16
54 - 4 20
140 - 139 12
137 - 101 34
125 - 57 31
63 - 131 29
153 - 2 26
35 - 86 29
128 - 102 36
1 - 32 30
150 - 76 14
1 - 76 24
33 - 26 21
3 - 4 31
138 - 163 37
143 - 118 35
1 - 43 36
38 - 14 10
63 - 176 15
153 - 55 37
61 - 69 4
116 - 153 31
168 - 95 17
4 - 100 22
58 - 1 16
134 - 143 9
111 - 28 41
13 - 27 2
69 - 170 31
31 - 7 35
54 - 51 48
52 - 51 36
23 - 70 37
133 - 137 12
69 - 94 9
162 - 80 50
100 - 106 45
121 - 107 33
31 - 16 10
105 - 145 22
90 - 3 33
109 - 6 8
101 - 107 11
5 - 30 12
86 - 182 26
147 - 116 36
23 - 25 24
150 - 128 28
145 - 3 43
19 - 26 24
100 - 1 29
18 - 41 50
153 - 109 30
131 - 146 17
72 - 60 38
101 - 163 8
10 - 22 27
44 - 6 2
19 - 151 6
41 - 139 27
47 - 16 26
51 - 76 3
4 - 117 13
33 - 32 28
131 - 130 50
119 - 114 30
95 - 39 6
89 - 13 46
128 - 127 6
85 - 57 26
82 - 57 3
55 - 103 6
65 - 100 19
1 - 102 7
16 - 64 46
56 - 18 3
60 - 109 13
150 - 52 36
65 - 78 1
15 - 124 40
39 - 42 9
163 - 197 38
102 - 101 30
3 - 29 0
26 - 131 36
178 - 79 47
51 - 26 16
143 - 145 39
2 - 29 2
94 - 18 28
102 - 108 14
108 - 47 18
121 - 67 47
51 - 8 29
164 - 194 7
128 - 103 40
192 - 142 10
13 - 51 3
88 - 131 37
152 - 79 14
78 - 31 43
51 - 38 46
35 - 87 39
119 - 7 2
143 - 113 30
127 - 125 21
173 - 148 11
81 - 1 27
138 - 39 10
24 - 54 19
168 - 173 49
82 - 81 25
89 - 153 12
78 - 53 31
81 - 80 5
77 - 5 11
150 - 83 13
7 - 60 11
138 - 129 24
29 - 153 44
69 - 3 29
131 - 151 45
38 - 12 28
61 - 157 8
29 - 85 45
150 - 152 49
35 - 152 3
189 - 12 22
94 - 95 10
76 - 62 4
15 - 54 0
103 - 115 23
135 - 149 21
126 - 113 49
47 - 48 46
195 - 196 29
13 - 162 14
14 - 126 12
20 - 22 47
58 - 71 37
38 - 109 33
169 - 94 13
192 - 190 39
9 - 107 12
12 - 105 8
125 - 85 33
190 - 76 3
63 - 54 4
7 - 35 23
10 - 2 8
22 - 16 29
59 - 57 23
172 - 23 0
105 - 193 14
103 - 134 35
100 - 99 14
112 - 118 43
141 - 14 33
15 - 32 12
41 - 4 13
46 - 7 17
152 - 22 10
46 - 44 28
121 - 146 37
46 - 41 30
33 - 27 50
20 - 17 26
189 - 139 6
94 - 65 26
4 - 37 0
114 - 143 29
163 - 121 19
45 - 24 32
7 - 35 28
5 - 3 11
49 - 119 37
40 - 130 40
183 - 177 27
180 - 43 44
158 - 183 24
169 - 100 16
76 - 79 28
24 - 146 5
103 - 88 21
60 - 59 29
29 - 41 6
1 - 9 29
130 - 79 17
120 - 109 19
55 - 105 30
128 - 102 38
94 - 89 6
41 - 25 39
20 - 106 38
123 - 145 50
187 - 3 24
65 - 68 37
71 - 109 40
60 - 81 1
164 - 134 34
55 - 80 48
179 - 125 2
134 - 188 16
57 - 31 26
97 - 91 30
165 - 114 1
153 - 127 21
3 - 10 5
162 - 57 38
122 - 107 1
78 - 91 21
63 - 97 18
16 - 41 22
159 - 4 15
29 - 4 22
57 - 75 41
131 - 181 47
104 - 107 47
35 - 38 44
166 - 116 12
52 - 51 12
165 - 16 36
112 - 120 15
85 - 36 1
137 - 193 25
109 - 22 44
79 - 128 24
167 - 54 20
92 - 91 40
13 - 26 17
56 - 43 16
124 - 121 1
54 - 152 45
46 - 79 13
4 - 66 44
90 - 78 19
105 - 93 5
3 - 6 34
143 - 94 29
92 - 22 32
79 - 29 34
15 - 13 49
126 - 185 9
76 - 28 6
182 - 162 25
73 - 25 48
29 - 91 27
4 - 6 18
37 - 18 41
54 - 32 34
64 - 113 18
44 - 118 37
64 - 57 33
35 - 26 44
115 - 24 16
162 - 100 3
65 - 164 33
63 - 54 48
2 - 27 10
183 - 180 35
35 - 119 23
46 - 198 10
145 - 189 49
8 - 11 10
22 - 66 9
10 - 1 42
175 - 26 44
62 - 10 37
2 - 107 20
10 - 20 4
18 - 1 5
66 - 100 44
140 - 139 11
33 - 48 6
88 - 97 40
2 - 1 47
125 - 139 47
14 - 38 32
111 - 158 46
138 - 88 2
36 - 141 13
120 - 121 42
1 - 80 10
1 - 58 41
1 - 2 10
108 - 170 11
67 - 2 13
102 - 175 28
119 - 121 6
51 - 91 22
5 - 29 42
6 - 60 8
153 - 168 1
2 - 104 40
3 - 26 29
27 - 44 21
55 - 32 41
100 - 51 1
84 - 131 4
72 - 52 9
33 - 85 27
112 - 137 20
151 - 23 41
57 - 181 6
22 - 69 20
126 - 116 25
162 - 190 28
57 - 109 32
34 - 136 6
104 - 42 18
32 - 36 12
123 - 56 3
68 - 173 48
4 - 22 25
178 - 152 20
33 - 35 11
160 - 154 44
133 - 177 15
134 - 131 13
9 - 62 20
19 - 7 49
176 - 192 42
141 - 28 6
109 - 118 28
2 - 152 39
115 - 112 0
51 - 76 8
48 - 82 26
100 - 103 16
88 - 189 38
63 - 42 12
61 - 98 1
22 - 115 45
159 - 73 5
16 - 66 32
61 - 5 18
112 - 8 30
115 - 137 42
56 - 6 15
105 - 13 47
60 - 73 18
100 - 152 48
52 - 7 8
26 - 32 19
113 - 22 32
2 - 15 2
154 - 22 6
117 - 103 7
56 - 77 34
53 - 6 40
32 - 38 40
15 - 21 48
155 - 111 13
125 - 33 24
2 - 104 13
41 - 140 26
27 - 190 14
30 - 39 8
35 - 8 9
51 - 13 31
22 - 46 39
7 - 1 11
39 - 13 26
8 - 126 14
44 - 40 4
55 - 77 29
8 - 29 46
58 - 110 29
14 - 54 24
72 - 35 41
142 - 141 7
16 - 42 38
21 - 49 27
146 - 196 15
4 - 41 11
171 - 2 3
7 - 8 16
89 - 15 33
112 - 38 11
7 - 11 25
64 - 69 47
6 - 53 33
8 - 110 34
95 - 94 1
10 - 57 41
140 - 126 16
37 - 12 12
198 - 31 46
4 - 109 22
4 - 57 20
115 - 2 35
131 - 134 3
107 - 1 39
4 - 13 9
63 - 14 17
22 - 10 7
112 - 102 46
164 - 3 30
7 - 28 47
4 - 168 46
163 - 64 24
6 - 105 47
18 - 16 35
91 - 50 33
140 - 103 47
125 - 181 7
17 - 2 29
5 - 22 34
126 - 134 25
128 - 27 2
181 - 69 30
9 - 108 14
125 - 7 29
87 - 57 4
26 - 93 9
152 - 127 18
81 - 62 30
80 - 165 19
13 - 37 30
53 - 94 25
54 - 75 48
153 - 152 24
54 - 153 28
150 - 151 38
103 - 184 50
65 - 108 1
144 - 20 40
19 - 109 7
137 - 121 7
147 - 49 19
32 - 37 41
63 - 143 7
21 - 72 3
168 - 94 49
151 - 94 38
60 - 193 19
15 - 102 50
56 - 62 21
7 - 154 47
100 - 53 28
8 - 109 1
54 - 27 31
77 - 35 35
14 - 17 34
128 - 153 30
143 - 125 34
181 - 82 7
84 - 133 43
34 - 4 48
102 - 105 28
17 - 115 14
14 - 64 9
86 - 100 34
186 - 36 20
134 - 85 7
127 - 130 18
185 - 57 4
184 - 43 11
2 - 89 42
137 - 126 11
85 - 94 8
32 - 101 6
159 - 166 35
51 - 60 20
194 - 47 26
19 - 15 36
4 - 10 17
146 - 129 23
1 - 51 26
34 - 29 38
61 - 27 33
153 - 155 36
103 - 115 35
19 - 44 45
10 - 7 49
60 - 54 33
159 - 52 10
126 - 2 2
152 - 174 24
122 - 42 41
92 - 30 31
159 - 173 45
71 - 124 39
66 - 52 3
140 - 19 10
115 - 1 11
175 - 52 34
29 - 91 48
100 - 2 13
20 - 23 7
175 - 83 38
10 - 55 0
63 - 39 23
76 - 52 42
139 - 96 40
132 - 33 5
5 - 34 21
21 - 15 32
34 - 15 40
63 - 166 9
4 - 50 0
70 - 66 38
167 - 195 40
47 - 91 26
81 - 66 14
134 - 153 30
42 - 119 45
138 - 145 34
157 - 163 10
99 - 71 27
126 - 63 40
100 - 16 40
165 - 90 43
60 - 55 32
6 - 103 47
143 - 118 4
106 - 13 38
28 - 51 24
136 - 111 15
109 - 165 1
1 - 54 25
125 - 40 9
51 - 52 45
10 - 85 1
157 - 70 45
2 - 176 33
12 - 17 20
161 - 74 45
100 - 137 32
38 - 131 41
27 - 113 8
100 - 4 24
17 - 41 44
162 - 190 5
20 - 14 49
58 - 159 18
180 - 85 18
165 - 92 10
4 - 28 12
81 - 166 29
126 - 5 22
178 - 91 0
52 - 101 45
113 - 182 34
71 - 195 13
115 - 63 35
182 - 195 44
103 - 7 29
91 - 70 19
115 - 140 24
178 - 16 20
40 - 125 27
89 - 72 27
93 - 198 38
16 - 157 10
162 - 119 0
130 - 128 24
23 - 41 2
49 - 117 37
6 - 104 36
10 - 60 49
119 - 60 12
23 - 55 8
41 - 19 22
110 - 154 14
139 - 140 21
186 - 10 18
119 - 38 36
23 - 163 14
79 - 77 19
123 - 109 43
127 - 102 47
29 - 30 38
127 - 1 46
178 - 153 3
60 - 32 26
38 - 76 21
192 - 91 11
196 - 126 7
19 - 20 12
3 - 53 24
177 - 160 21
38 - 175 43
64 - 14 21
186 - 130 21
76 - 125 49
111 - 42 31
13 - 77 20
2 - 100 22
1 - 178 0
165 - 64 28
121 - 108 9
32 - 5 30
121 - 10 45
89 - 38 6
43 - 31 1
54 - 66 8
63 - 196 44
5 - 26 7
17 - 33 14
38 - 19 50
178 - 140 45
189 - 120 25
163 - 125 8
131 - 82 23
32 - 132 10
7 - 35 24
145 - 139 6
39 - 13 38
190 - 4 3
103 - 1 20
34 - 40 24
36 - 5 7
189 - 65 20
112 - 122 22
172 - 14 43
57 - 19 4
73 - 137 25
39 - 34 6
29 - 135 45
19 - 1 46
156 - 113 36
168 - 96 30
133 - 134 0
112 - 118 8
69 - 59 42
146 - 106 11
188 - 163 0
127 - 27 3
29 - 79 13
6 - 10 32
19 - 131 19
54 - 153 29
37 - 3 16
17 - 115 1
107 - 58 16
26 - 150 31
151 - 53 40
39 - 100 16
112 - 13 15
36 - 72 32
55 - 154 43
1 - 38 15
16 - 140 19
87 - 6 37
52 - 51 40
171 - 151 10
100 - 30 48
86 - 103 7
6 - 3 25
185 - 54 35
112 - 1 46
104 - 159 25
41 - 175 46
57 - 7 8
146 - 142 1
18 - 7 11
132 - 193 37
32 - 171 22
52 - 76 32
47 - 119 41
161 - 76 39
63 - 73 26
124 - 165 3
115 - 118 24
102 - 139 45
72 - 75 27
38 - 13 10
137 - 15 30
1 - 4 8
143 - 166 33
26 - 134 26
2 - 33 40
163 - 64 1
49 - 19 39
9 - 21 44
32 - 54 10
61 - 60 12
116 - 105 2
147 - 115 32
39 - 91 6
103 - 54 21
146 - 32 30
51 - 82 25
112 - 7 50
156 - 9 27
6 - 1 2
31 - 4 45
141 - 41 8
42 - 84 46
55 - 104 31
175 - 2 0
115 - 66 24
129 - 126 42
165 - 171 29
57 - 4 45
77 - 32 4
167 - 164 47
127 - 181 44
5 - 55 24
106 - 103 25
60 - 56 5
168 - 69 12
30 - 2 42
17 - 44 27
70 - 83 9
79 - 78 12
9 - 3 50
46 - 81 23
135 - 29 42
128 - 196 17
78 - 183 14
18 - 112 35
53 - 25 45
90 - 43 47
9 - 10 49
10 - 109 36
51 - 4 8
121 - 108 16
97 - 96 28
88 - 38 37
1 - 103 30
159 - 103 40
6 - 57 7
2 - 156 20
50 - 47 0
158 - 45 11
13 - 14 13
66 - 38 21
71 - 85 22
177 - 46 36
143 - 128 25
150 - 159 12
156 - 82 44
118 - 106 10
1 - 133 19
135 - 100 2
8 - 103 15
78 - 32 10
58 - 94 19
5 - 115 43
29 - 6 23
85 - 69 40
57 - 56 5
17 - 67 12
76 - 82 39
198 - 173 4
88 - 51 45
94 - 57 23
14 - 91 41
186 - 153 5
28 - 40 6
43 - 29 50
153 - 118 19
165 - 22 10
103 - 105 6
117 - 181 11
168 - 1 9
14 - 16 14
32 - 180 18
57 - 7 40
93 - 40 23
3 - 13 31
9 - 153 33
118 - 41 2
100 - 41 43
79 - 113 42
185 - 183 5
168 - 106 24
189 - 32 2
85 - 84 11
33 - 27 20
69 - 60 38
177 - 183 19
108 - 13 47
86 - 94 31
12 - 24 37
19 - 162 19
187 - 129 17
5 - 52 39
3 - 9 42
57 - 1 36
100 - 102 50
1 - 76 26
51 - 162 0
103 - 179 8
144 - 29 48
155 - 3 18
38 - 51 37
8 - 27 18
65 - 171 41
139 - 123 44
126 - 32 20
1 - 10 18
188 - 63 30
132 - 106 36
3 - 152 12
24 - 74 18
15 - 90 44
66 - 5 16
29 - 35 4
5 - 151 25
35 - 94 4
119 - 101 25
31 - 105 19
2 - 69 14
11 - 5 23
40 - 81 36
71 - 97 44
19 - 52 40
7 - 19 28
8 - 57 11
100 - 102 38
128 - 176 9
43 - 61 17
80 - 55 39
190 - 43 45
26 - 130 1
132 - 109 22
176 - 162 19
69 - 54 45
198 - 36 41
91 - 140 47
3 - 13 35
89 - 90 26
135 - 105 20
2 - 1 17
133 - 131 44
7 - 36 24
165 - 13 48
42 - 29 38
1 - 3 35
127 - 100 11
32 - 48 39
13 - 4 13
13 - 117 2
175 - 91 25
131 - 91 42
79 - 29 6
108 - 152 38
11 - 132 41
112 - 14 18
133 - 100 2
41 - 47 30
88 - 53 25
105 - 144 20
59 - 85 30
11 - 80 19
196 - 63 23
153 - 60 5
11 - 171 40
8 - 27 42
153 - 79 27
187 - 137 28
88 - 72 50
165 - 164 13
80 - 5 15
32 - 44 5
3 - 47 35
39 - 29 29
24 - 43 46
53 - 62 37
128 - 88 0
106 - 128 47
106 - 10 45
18 - 21 8
197 - 86 6
121 - 115 26
16 - 106 3
63 - 153 44
143 - 48 47
29 - 4 3
184 - 146 43
1 - 59 10
13 - 4 50
7 - 9 34
6 - 65 32
59 - 78 9
4 - 7 4
20 - 10 37
82 - 10 32
196 - 10 32
83 - 70 41
163 - 113 33
77 - 4 20
48 - 45 19
11 - 10 27
174 - 10 48
6 - 4 12
157 - 156 28
63 - 102 16
43 - 24 40
72 - 13 21
119 - 110 3
121 - 112 36
13 - 43 32
27 - 38 31
64 - 52 50
164 - 28 10
65 - 63 13
166 - 17 13
49 - 35 26
72 - 174 30
103 - 129 0
122 - 105 9
13 - 7 20
109 - 29 23
91 - 52 28
84 - 183 28
28 - 78 47
57 - 52 13
13 - 12 7
32 - 193 4
193 - 74 7
19 - 99 42
13 - 29 7
5 - 105 4
38 - 115 44
138 - 14 0
10 - 109 32
2 - 176 42
77 - 63 0
158 - 102 41
153 - 105 8
39 - 45 30
145 - 133 21
29 - 51 8
20 - 14 31
16 - 38 44
57 - 33 33
41 - 52 36
194 - 100 19
95 - 63 32
55 - 54 26
36 - 86 10
32 - 28 42
175 - 176 8
142 - 115 30
44 - 49 5
55 - 69 21
26 - 7 9
33 - 184 18
90 - 88 27
127 - 54 43
100 - 177 22
68 - 178 24
26 - 90 12
129 - 151 36
104 - 11 26
59 - 34 14
26 - 40 7
85 - 154 11
55 - 58 9
52 - 101 23
88 - 82 8
134 - 107 7
51 - 58 5
104 - 112 0
85 - 35 16
150 - 76 47
131 - 181 16
69 - 156 49
64 - 58 23
167 - 105 35
181 - 19 27
16 - 10 36
13 - 61 12
14 - 57 39
4 - 82 40
125 - 130 27
58 - 41 22
59 - 60 6
163 - 63 49
184 - 87 35
70 - 86 17
1 - 115 3
2 - 113 23
196 - 190 12
177 - 106 43
55 - 17 21
120 - 52 39
14 - 65 7
94 - 66 7
158 - 7 22
142 - 140 30
13 - 19 32
109 - 156 24
122 - 185 3
19 - 13 50
35 - 134 6
88 - 53 30
60 - 54 24
49 - 2 47
51 - 10 49
26 - 10 25
54 - 53 2
4 - 103 37
156 - 176 4
113 - 32 44
181 - 151 35
49 - 141 22
26 - 139 43
196 - 128 33
54 - 64 10
178 - 109 37
178 - 150 39
53 - 2 35
10 - 101 34
187 - 112 19
4 - 6 45
61 - 109 50
11 - 8 40
10 - 58 49
26 - 126 44
22 - 99 30
54 - 61 32
85 - 181 33
102 - 59 32
16 - 69 16
56 - 54 9
33 - 137 24
140 - 142 21
13 - 31 50
9 - 108 36
60 - 10 24
18 - 93 40
6 - 1 42
10 - 24 4
68 - 53 0
109 - 37 4
165 - 178 33
79 - 139 31
1 - 13 46
20 - 22 25
177 - 82 9
165 - 154 3
99 - 29 0
154 - 156 42
33 - 132 49
140 - 41 44
176 - 163 26
23 - 184 18
39 - 38 32
91 - 16 48
41 - 47 15
122 - 47 24
9 - 79 48
160 - 172 34
68 - 15 0
115 - 171 11
153 - 52 6
79 - 35 36
166 - 16 41
3 - 28 19
90 - 68 16
91 - 162 33
9 - 10 42
177 - 150 46
10 - 19 31
9 - 13 2
36 - 41 18
108 - 7 31
63 - 91 26
56 - 16 0
131 - 125 43
152 - 128 49
98 - 9 24
130 - 175 44
57 - 72 6
150 - 100 48
4 - 51 32
46 - 23 43
143 - 145 5
10 - 54 37
13 - 7 28
113 - 166 40
112 - 14 44
162 - 107 14
28 - 78 23
2 - 27 15
112 - 4 35
97 - 16 25
32 - 31 45
13 - 64 48
69 - 4 23
162 - 53 2
107 - 20 29
168 - 8 32
79 - 49 35
4 - 153 20
193 - 96 50
79 - 91 9
100 - 165 16
88 - 147 6
22 - 14 4
6 - 104 30
139 - 16 36
130 - 79 47
193 - 37 10
146 - 114 36
32 - 1 1
40 - 117 34
182 - 187 1
123 - 165 41
54 - 4 3
29 - 121 43
117 - 32 45
159 - 187 33
186 - 159 16
17 - 151 50
144 - 140 39
26 - 30 48
11 - 33 17
16 - 13 32
24 - 98 23
6 - 182 50
44 - 26 34
167 - 72 40
121 - 50 14
16 - 115 29
51 - 187 10
27 - 143 15
112 - 176 16
70 - 55 11
169 - 151 24
19 - 82 43
156 - 112 17
160 - 158 5
6 - 4 39
40 - 3 17
15 - 3 40
152 - 77 21
14 - 103 24
180 - 186 47
7 - 16 29
58 - 159 43
155 - 154 18
1 - 26 48
29 - 134 18
194 - 171 20
112 - 25 12
107 - 169 43
132 - 38 4
91 - 42 9
56 - 77 44
46 - 84 20
158 - 33 36
118 - 143 24
5 - 4 39
5 - 4 48
69 - 168 26
151 - 175 5
160 - 2 43
22 - 32 40
137 - 135 26
181 - 112 50
150 - 100 25
132 - 144 47
6 - 105 19
126 - 118 31
110 - 121 36
14 - 76 33
21 - 24 2
175 - 76 40
159 - 156 42
81 - 78 32
13 - 70 30
91 - 26 19
143 - 69 4
19 - 13 12
163 - 106 10
27 - 80 33
54 - 103 3
35 - 12 0
181 - 180 29
32 - 36 35
32 - 31 39
20 - 19 48
52 - 70 24
156 - 168 7
14 - 20 9
39 - 47 36
8 - 22 27
102 - 108 8
31 - 43 3
150 - 177 41
10 - 110 13
89 - 95 9
101 - 5 1
66 - 101 45
63 - 31 3
127 - 31 39
60 - 59 5
163 - 154 9
56 - 68 43
39 - 50 23
91 - 88 50
13 - 1 3
91 - 64 10
141 - 144 45
9 - 12 49
25 - 168 13
25 - 14 49
141 - 188 2
196 - 119 11
4 - 103 4
56 - 63 16
190 - 180 15
103 - 101 6
150 - 113 18
110 - 86 43
164 - 114 0
19 - 131 50
60 - 150 29
27 - 29 46
153 - 170 28
161 - 111 17
56 - 103 12
13 - 104 25
13 - 72 50
5 - 136 21
56 - 82 43
109 - 144 33
192 - 196 24
29 - 26 14
142 - 122 43
128 - 177 29
14 - 38 28
187 - 104 44
13 - 114 22
100 - 82 15
83 - 58 34
153 - 46 5
109 - 168 32
134 - 32 28
112 - 143 2
18 - 103 9
37 - 49 43
51 - 59 48
1 - 101 39
134 - 35 1
118 - 47 5
122 - 100 38
88 - 143 9
44 - 47 32
111 - 10 2
51 - 69 23
1 - 26 16
22 - 10 36
181 - 133 11
51 - 164 27
119 - 12 28
184 - 118 21
128 - 107 41
8 - 168 26
34 - 41 12
125 - 28 17
70 - 67 1
17 - 5 26
10 - 165 36
64 - 55 15
54 - 60 50
54 - 57 6
60 - 177 48
170 - 44 49
100 - 15 3
54 - 32 14
89 - 97 4
13 - 128 11
51 - 31 49
13 - 47 45
64 - 70 32
46 - 10 22
157 - 101 32
109 - 54 1
149 - 143 42
28 - 127 31
1 - 14 41
34 - 32 17
52 - 115 19
155 - 51 15
111 - 131 31
29 - 79 49
131 - 7 47
33 - 26 46
93 - 82 47
133 - 108 40
131 - 133 37
12 - 105 37
76 - 60 16
193 - 69 31
26 - 76 44
159 - 161 36
72 - 51 15
193 - 97 45
32 - 112 47
128 - 29 47
96 - 91 17
12 - 79 4
10 - 7 26
8 - 74 44
121 - 13 9
139 - 66 42
36 - 5 9
156 - 135 18
68 - 56 41
46 - 148 29
100 - 113 36
30 - 8 26
64 - 89 21
170 - 15 42
10 - 7 4
171 - 10 28
112 - 100 35
1 - 4 25
57 - 82 41
165 - 54 4
6 - 15 18
8 - 19 8
93 - 41 46
125 - 27 17
49 - 27 47
134 - 110 33
54 - 13 15
31 - 6 41
56 - 85 0
182 - 2 23
35 - 10 2
13 - 39 47
187 - 64 0
72 - 88 14
56 - 29 2
153 - 57 13
77 - 16 20
170 - 159 28
58 - 157 46
44 - 181 21
132 - 128 32
62 - 26 18
82 - 175 36
138 - 150 29
183 - 186 3
102 - 108 47
6 - 57 13
26 - 125 4
91 - 62 32
150 - 188 16
39 - 29 43
22 - 137 26
46 - 40 21
41 - 44 23
109 - 131 34
106 - 10 48
1 - 53 19
90 - 66 31
38 - 129 3
26 - 60 46
112 - 155 9
187 - 178 35
68 - 56 42
20 - 52 45
109 - 106 30
4 - 68 1
109 - 4 0
153 - 156 38
76 - 181 28
22 - 16 40
67 - 57 43
180 - 131 0
116 - 115 11
34 - 47 20
38 - 29 20
139 - 18 5
38 - 4 30
56 - 63 16
54 - 97 36
116 - 124 11
102 - 28 20
198 - 10 42
124 - 122 12
22 - 38 41
29 - 79 38
153 - 1 22
137 - 132 30
184 - 111 20
112 - 21 28
145 - 136 6
55 - 82 43
39 - 35 9
7 - 32 27
154 - 179 34
6 - 19 25
76 - 3 47
44 - 32 30
1 - 93 16
85 - 38 31
101 - 118 12
64 - 48 41
26 - 176 0
35 - 30 28
128 - 134 35
35 - 38 2
26 - 51 37
193 - 72 17
19 - 5 39
151 - 53 6
4 - 15 23
112 - 108 7
184 - 178 28
36 - 197 33
118 - 117 50
11 - 122 19
125 - 133 48
14 - 51 31
60 - 1 50
30 - 175 18
19 - 17 34
29 - 78 37
128 - 131 28
196 - 168 37
91 - 29 1
31 - 9 32
156 - 164 25
62 - 3 50
3 - 11 9
4 - 36 0
28 - 82 9
8 - 70 15
41 - 22 24
132 - 52 17
59 - 87 9
27 - 103 47
57 - 7 18
111 - 134 20
180 - 150 9
4 - 150 8
151 - 162 12
138 - 42 13
89 - 64 8
15 - 164 8
81 - 67 41
33 - 32 2
111 - 8 2
152 - 155 42
140 - 64 1
40 - 16 45
32 - 194 46
150 - 102 11
151 - 178 19
118 - 65 24
3 - 78 23
7 - 92 9
34 - 46 31
16 - 54 46
52 - 64 42
191 - 125 32
72 - 65 6
14 - 2 7
153 - 156 11
17 - 42 42
118 - 172 50
137 - 43 15
29 - 86 4
107 - 118 18
54 - 8 20
39 - 138 35
19 - 69 25
109 - 31 8
118 - 69 1
27 - 29 24
193 - 180 47
52 - 27 15
129 - 106 31
29 - 188 49
79 - 94 39
140 - 179 42
58 - 59 29
44 - 120 43
175 - 158 11
25 - 149 16
118 - 23 36
153 - 158 33
16 - 13 45
7 - 4 25
57 - 156 18
152 - 133 34
14 - 3 39
104 - 60 44
1 - 7 8
66 - 4 28
57 - 55 36
9 - 51 37
27 - 95 38
19 - 72 28
15 - 28 1
150 - 158 14
60 - 72 32
8 - 10 36
168 - 66 46
101 - 107 46
27 - 89 36
20 - 7 35
37 - 22 48
162 - 193 39
165 - 31 14
104 - 112 7
41 - 151 32
22 - 70 44
103 - 127 3
115 - 112 50
7 - 104 4
121 - 72 44
109 - 13 33
4 - 44 50
1 - 51 16
168 - 117 43
2 - 1 7
177 - 76 49
151 - 76 33
110 - 103 19
37 - 4 28
191 - 181 21
187 - 150 34
11 - 45 20
69 - 154 23
16 - 39 27
150 - 26 9
35 - 115 9
10 - 106 9
109 - 16 48
23 - 138 21
156 - 9 38
8 - 7 50
4 - 134 13
89 - 115 32
75 - 68 13
1 - 56 17
3 - 6 10
158 - 164 36
170 - 139 6
126 - 141 30
51 - 1 18
127 - 4 30
161 - 159 29
64 - 150 41
171 - 74 44
106 - 185 13
100 - 17 30
33 - 36 1
176 - 51 38
139 - 29 39
127 - 39 26
126 - 179 33
176 - 30 49
107 - 59 7
79 - 66 43
94 - 165 32
6 - 9 43
122 - 172 28
23 - 30 46
1 - 112 33
181 - 5 41
20 - 198 17
1 - 16 32
32 - 2 11
85 - 145 39
28 - 13 35
52 - 8 25
64 - 14 46
6 - 106 10
19 - 112 28
187 - 84 25
115 - 68 21
11 - 110 20
19 - 170 26
10 - 161 23
190 - 167 12
35 - 33 44
29 - 13 10
133 - 28 26
11 - 8 50
119 - 106 20
5 - 27 49
136 - 193 45
119 - 129 38
128 - 142 2
109 - 120 29
165 - 190 27
10 - 70 49
55 - 76 35
26 - 125 3
32 - 35 26
101 - 115 39
120 - 21 30
106 - 9 17
16 - 116 10
156 - 112 25
91 - 10 39
130 - 138 1
157 - 100 6
33 - 8 9
181 - 89 9
42 - 83 10
29 - 32 19
127 - 26 24
109 - 171 44
126 - 175 23
141 - 69 46
175 - 26 19
122 - 20 38
101 - 119 9
10 - 60 22
88 - 51 24
106 - 76 11
39 - 95 42
55 - 5 41
64 - 117 16
157 - 115 39
20 - 27 39
186 - 145 20
59 - 69 11
56 - 66 40
87 - 62 9
137 - 101 9
10 - 48 39
148 - 136 42
30 - 134 11
105 - 128 28
130 - 105 24
154 - 104 11
146 - 152 9
115 - 69 23
100 - 1 45
17 - 14 42
16 - 121 40
158 - 62 41
51 - 53 31
115 - 103 43
90 - 41 37
20 - 7 45
119 - 33 49
147 - 20 5
30 - 130 39
20 - 61 38
106 - 16 12
128 - 155 21
170 - 159 10
10 - 7 28
64 - 112 49
82 - 125 41
61 - 172 25
29 - 42 31
66 - 164 39
10 - 96 32
176 - 178 7
27 - 30 22
2 - 17 24
102 - 100 26
34 - 136 33
107 - 4 50
17 - 55 16
79 - 100 26
44 - 38 15
19 - 91 38
22 - 16 19
29 - 130 22
151 - 54 36
115 - 128 16
14 - 69 16
33 - 11 2
58 - 77 10
19 - 41 24
150 - 156 29
4 - 112 38
121 - 124 24
63 - 51 27
40 - 44 49
44 - 91 11
113 - 166 9
137 - 95 10
9 - 10 24
103 - 16 34
40 - 65 29
126 - 125 42
2 - 101 23
10 - 11 42
16 - 3 39
13 - 63 40
125 - 27 40
85 - 10 31
44 - 10 23
137 - 134 13
17 - 106 33
127 - 130 19
61 - 58 41
125 - 66 0
92 - 58 43
179 - 100 9
3 - 29 30
54 - 100 48
122 - 9 25
182 - 147 50
109 - 150 35
154 - 80 37
7 - 30 32
77 - 1 27
47 - 44 43
166 - 63 46
55 - 151 46
5 - 104 43
86 - 128 37
10 - 16 20
43 - 18 41
127 - 130 34
35 - 137 0
29 - 137 4
181 - 143 12
95 - 89 7
28 - 3 9
121 - 151 9
133 - 139 17
175 - 142 50
61 - 44 44
58 - 7 13
85 - 79 50
6 - 137 14
7 - 29 38
63 - 101 17
184 - 126 19
60 - 35 16
153 - 187 12
38 - 39 36
8 - 110 33
36 - 33 24
151 - 153 42
107 - 101 11
10 - 12 47
4 - 122 35
32 - 40 4
105 - 164 20
190 - 162 41
68 - 16 14
11 - 187 28
79 - 7 27
5 - 153 35
27 - 1 43
37 - 105 39
114 - 26 0
83 - 193 12
100 - 28 44
171 - 45 50
28 - 183 47
12 - 59 38
99 - 79 13
19 - 16 45
65 - 54 25
119 - 160 41
29 - 101 8
8 - 20 19
72 - 171 13
58 - 27 23
36 - 46 32
88 - 160 43
52 - 162 0
26 - 4 39
149 - 147 11
175 - 168 4
56 - 91 9
152 - 166 46
57 - 177 19
132 - 76 21
134 - 32 25
125 - 126 31
79 - 51 18
79 - 185 38
14 - 39 40
12 - 100 13
118 - 26 4
7 - 106 43
4 - 6 36
100 - 26 48
26 - 27 11
10 - 124 30
175 - 82 6
155 - 135 42
182 - 69 39
80 - 88 4
101 - 106 34
110 - 61 13
9 - 13 44
54 - 76 0
1 - 184 45
79 - 92 49
45 - 143 32
95 - 38 20
35 - 47 33
38 - 82 12
65 - 115 22
79 - 55 43
15 - 59 25
26 - 131 26
114 - 37 8
16 - 173 34
4 - 169 31
5 - 24 14
29 - 10 16
111 - 71 11
4 - 54 41
60 - 81 26
162 - 103 36
2 - 101 2
29 - 43 45
104 - 4 34
91 - 181 12
15 - 115 22
9 - 11 40
119 - 113 2
4 - 10 43
15 - 20 14
18 - 57 0
8 - 11 24
101 - 134 8
63 - 14 0
24 - 35 23
140 - 112 33
23 - 66 30
100 - 33 35
29 - 32 22
157 - 10 4
12 - 56 38
106 - 128 2
31 - 78 15
35 - 134 39
138 - 134 5
108 - 121 49
193 - 91 12
9 - 125 35
71 - 112 23
121 - 23 45
24 - 21 11
67 - 144 26
29 - 27 47
4 - 60 26
62 - 60 30
16 - 139 28
29 - 28 13
198 - 181 49
51 - 4 44
102 - 161 50
75 - 193 28
168 - 162 10
51 - 33 21
153 - 79 29
58 - 53 5
13 - 18 32
153 - 140 1
100 - 78 38
84 - 18 2
2 - 107 16
66 - 190 37
165 - 68 21
101 - 55 16
56 - 153 8
131 - 18 19
26 - 51 3
178 - 54 41
64 - 164 43
54 - 151 50
51 - 13 27
141 - 116 35
29 - 125 28
21 - 57 19
115 - 100 37
60 - 54 21
34 - 45 12
137 - 103 11
7 - 19 39
66 - 52 5
146 - 44 9
88 - 38 47
104 - 166 6
64 - 66 20
30 - 35 20
109 - 121 37
80 - 121 28
109 - 107 1
60 - 179 4
150 - 161 36
5 - 179 46
116 - 166 19
35 - 12 47
67 - 66 34
181 - 87 50
41 - 39 13
31 - 130 19
118 - 144 35
28 - 102 46
63 - 21 27
195 - 97 50
126 - 26 19
56 - 64 27
87 - 85 7
57 - 69 15
58 - 1 37
109 - 25 41
31 - 81 11
114 - 100 5
4 - 44 34
19 - 17 17
112 - 168 11
19 - 1 46
60 - 23 38
31 - 29 8
9 - 29 16
143 - 134 39
66 - 63 2
15 - 53 47
26 - 34 24
18 - 7 49
31 - 29 7
35 - 44 44
100 - 168 42
126 - 125 12
128 - 129 46
190 - 32 17
16 - 101 22
4 - 113 15
168 - 162 16
140 - 113 47
159 - 2 36
153 - 154 18
189 - 181 29
34 - 35 33
42 - 54 41
51 - 79 5
146 - 184 0
191 - 60 25
130 - 47 4
64 - 150 9
13 - 131 40
82 - 79 1
125 - 103 24
28 - 178 29
34 - 23 43
69 - 22 4
175 - 160 9
123 - 13 33
5 - 94 11
14 - 17 10
79 - 10 21
57 - 54 50
150 - 51 24
51 - 52 26
152 - 115 3
107 - 101 13
29 - 38 25
102 - 20 26
4 - 150 42
7 - 116 9
57 - 7 17
7 - 29 13
106 - 19 11
129 - 191 9
184 - 152 34
7 - 34 36
41 - 97 18
112 - 129 46
54 - 60 48
72 - 26 27
64 - 122 23
4 - 48 15
134 - 182 19
125 - 128 22
33 - 29 18
63 - 1 15
19 - 18 2
58 - 61 29
102 - 175 6
140 - 130 25
154 - 168 26
19 - 21 5
25 - 24 5
13 - 3 37
58 - 83 0
159 - 51 0
158 - 170 6
39 - 13 31
15 - 65 7
158 - 57 28
143 - 140 40
146 - 140 3
109 - 106 18
1 - 100 11
70 - 17 0
168 - 170 19
191 - 154 36
137 - 139 32
90 - 78 19
187 - 115 46
165 - 171 15
127 - 100 9
100 - 162 35
78 - 57 5
14 - 22 8
12 - 10 8
13 - 20 29
144 - 119 12
102 - 153 43
47 - 39 45
154 - 109 7
178 - 75 0
90 - 18 39
16 - 18 2
105 - 121 48
149 - 148 21
131 - 137 6
18 - 54 37
32 - 10 25
20 - 165 7
166 - 63 44
59 - 34 32
6 - 102 29
88 - 82 2
3 - 1 14
19 - 56 30
142 - 179 40
112 - 14 21
39 - 176 19
187 - 190 11
53 - 7 44
16 - 1 10
139 - 31 34
178 - 6 2
140 - 142 12
54 - 162 37
175 - 150 21
60 - 59 38
146 - 128 7
77 - 34 10
192 - 154 49
85 - 97 43
128 - 7 48
189 - 38 6
5 - 56 23
190 - 108 31
4 - 28 14
146 - 131 19
70 - 10 25
110 - 132 44
2 - 17 47
142 - 180 18
72 - 179 31
101 - 52 48
41 - 39 10
4 - 6 32
3 - 13 12
176 - 5 8
132 - 106 37
58 - 51 8
14 - 4 38
164 - 177 29
35 - 8 48
69 - 63 10
178 - 15 7
31 - 136 15
156 - 127 7
52 - 17 2
56 - 3 38
23 - 44 19
38 - 128 39
97 - 91 18
66 - 60 24
100 - 76 25
47 - 13 30
7 - 19 30
94 - 176 33
57 - 156 50
33 - 16 4
46 - 7 1
57 - 78 9
38 - 13 34
9 - 40 1
114 - 164 39
57 - 58 42
112 - 154 18
175 - 47 13
2 - 55 34
47 - 29 9
68 - 94 34
178 - 54 25
66 - 165 32
66 - 90 17
69 - 53 1
11 - 60 41
89 - 176 47
14 - 20 38
100 - 1 14
65 - 3 27
180 - 188 22
20 - 86 2
7 - 55 10
4 - 59 4
18 - 99 32
16 - 65 28
20 - 19 31
28 - 26 18
184 - 172 7
32 - 134 22
114 - 115 48
149 - 118 47
31 - 49 33
150 - 102 32
141 - 13 4
112 - 122 19
20 - 163 33
29 - 54 18
152 - 178 31
109 - 10 11
57 - 70 2
110 - 17 34
181 - 4 14
163 - 118 7
143 - 33 12
24 - 10 38
8 - 58 44
143 - 23 14
30 - 26 29
44 - 86 40
16 - 5 47
119 - 128 25
176 - 175 30
10 - 12 8
23 - 178 18
117 - 11 28
182 - 102 19
169 - 157 0
181 - 193 4
1 - 69 40
61 - 4 30
101 - 107 22
3 - 14 45
113 - 162 10
58 - 127 30
109 - 123 13
7 - 33 43
127 - 26 17
15 - 3 50
16 - 22 23
10 - 1 27
156 - 57 3
13 - 100 41
93 - 6 50
57 - 51 24
153 - 180 35
4 - 15 3
101 - 165 19
191 - 192 43
134 - 95 23
55 - 10 9
91 - 66 2
13 - 15 36
51 - 106 8
107 - 162 12
165 - 152 48
47 - 10 8
171 - 29 36
35 - 50 38
94 - 93 32
31 - 3 41
97 - 29 8
168 - 72 6
107 - 28 3
58 - 10 48
84 - 184 21
40 - 28 21
61 - 166 48
41 - 4 43
69 - 82 10
176 - 193 11
171 - 97 46
151 - 60 13
26 - 38 28
33 - 10 47
133 - 134 47
4 - 177 23
137 - 24 33
10 - 12 31
114 - 1 30
9 - 20 16
2 - 1 25
106 - 118 16
38 - 196 47
35 - 22 2
125 - 89 24
128 - 58 49
56 - 105 33
20 - 144 0
19 - 63 18
162 - 165 6
57 - 13 17
111 - 158 22
165 - 159 0
154 - 54 12
53 - 52 2
34 - 3 27
106 - 9 42
108 - 133 11
64 - 65 5
63 - 57 45
28 - 37 29
28 - 130 10
187 - 158 30
133 - 33 33
150 - 152 8
15 - 41 29
76 - 52 34
7 - 38 22
30 - 33 15
137 - 34 45
52 - 65 46
185 - 107 19
29 - 159 0
109 - 32 34
